You did not select any stats, using -cdngy by default.
----system---- ----total-usage---- -dsk/total- -net/total- ---paging-- ---system--
     time     |usr sys idl wai stl| read  writ| recv  send|  in   out | int   csw 
11-08 00:30:04|                   |           |           |           |           
11-08 00:30:05|  0   0 100   0   0|   0     0 |  52   414 |   0     0 |  72    94 
11-08 00:30:06|  0   0 100   0   0|   0    16k| 120   338 |   0     0 |  77   106 
11-08 00:30:07|  0   0 100   0   0|   0     0 |  52   190 |   0     0 |  71   107 
11-08 00:30:08|  0   0 100   0   0|   0     0 |  52   190 |   0     0 |  63    90 
11-08 00:30:09|  1   0  98   0   0|   0     0 | 120   338 |   0     0 | 157   188 
11-08 00:30:10|  1   0 100   0   0|   0     0 |  52   190 |   0     0 |  79   103 
11-08 00:30:11|  0   0 100   0   0|   0     0 |  52   190 |   0     0 |  69    90 
11-08 00:30:12|  0   0 100   0   0|   0     0 | 128   280 |   0     0 |  77   102 
11-08 00:30:13|  0   0  99   0   0|   0     0 |  52   190 |   0     0 |  68    88 
11-08 00:30:14|  0   0 100   0   0|   0     0 | 412   650 |   0     0 | 119   138 
11-08 00:30:15|  4   9  88   0   0|   0     0 | 557   687 |   0     0 | 392   163 
11-08 00:30:16|  2   6  90   0   0|1051k  107M| 328  1353 |   0     0 |1462   597 
11-08 00:30:17|  0   0  99   0   0|   0    61M| 104   388 |   0     0 | 646   296 
11-08 00:30:18|  0   0  99   0   0|   0    61M| 104   388 |   0     0 | 637   291 
11-08 00:30:19|  0   0  99   0   0|   0    61M| 172   536 |   0     0 | 641   297 
11-08 00:30:20|  1   1  99   0   0|   0    61M| 104   380 |   0     0 | 642   282 
11-08 00:30:21|  1   1  99   0   0|   0    61M| 208  4712 |   0     0 | 645   291 
11-08 00:30:22|  0   0  99   0   0|   0    61M| 104   380 |   0     0 | 642   296 
11-08 00:30:23|  0   1  99   0   0|   0    61M| 104   380 |   0     0 | 638   285 
11-08 00:30:24|  2   1  99   0   0|   0    61M| 104   380 |   0     0 | 648   298 
11-08 00:30:25|  0   0  98   0   0|   0    61M| 104   380 |   0     0 | 638   288 
11-08 00:30:26|  0   0  99   0   0|   0    61M| 104   380 |   0     0 | 629   287 
11-08 00:30:27|  1   1  99   0   0|   0    61M| 248   618 |   0     0 | 675   300 
11-08 00:30:28|  1   0  99   0   0|   0    61M| 180   470 |   0     0 | 698   305 
11-08 00:30:29|  0   0  99   0   0|   0    61M| 104   380 |   0     0 | 645   293 
11-08 00:30:30|  1   0  99   0   0|   0    61M| 172   528 |   0     0 | 639   291 
11-08 00:30:31|  0   1  98   0   0|   0    61M| 104   380 |   0     0 | 676   286 
11-08 00:30:32|  0   1  98   0   0|1052k   61M| 104   308 |   0     0 | 859   455 
11-08 00:30:33|  0   1  99   0   0|   0    61M| 104   380 |   0     0 | 634   287 
11-08 00:30:34|  1   0  99   0   0|   0    61M| 104   380 |   0     0 | 646   307 
11-08 00:30:35|  0   1  99   0   0|   0    61M| 104   380 |   0     0 | 640   295 
11-08 00:30:36|  1   1  99   0   0|   0    61M| 104   380 |   0     0 | 641   281 
11-08 00:30:37|  0   0  99   0   0|   0    61M| 172   528 |   0     0 | 648   282 
11-08 00:30:38|  1   0  98   0   0|   0    61M| 104   380 |   0     0 | 633   288 
11-08 00:30:39|  0   1  99   0   0|   0    61M| 104   380 |   0     0 | 649   282 
11-08 00:30:40|  1   1  99   0   0|   0    61M| 172   528 |   0     0 | 633   284 
11-08 00:30:41|  0   0  98   0   0|   0    61M| 104   380 |   0     0 | 639   285 
11-08 00:30:42|  0   0  99   0   0|   0    61M| 104   380 |   0     0 | 640   291 
11-08 00:30:43|  1   1  99   0   0|   0    61M| 104   380 |   0     0 | 650   291 
11-08 00:30:44|  1   1  99   0   0|   0    61M| 104   380 |   0     0 | 652   297 
11-08 00:30:45|  0   0  99   0   0|   0    61M| 180   470 |   0     0 | 640   296 
11-08 00:30:46|  0   0  99   0   0|   0    61M| 104   380 |   0     0 | 636   288 
11-08 00:30:47|  1   1  99   0   0|   0    61M| 276  4860 |   0     0 | 672   329 
11-08 00:30:48|  1   1  97   0   0|1052k   48M| 104   380 |   0     0 | 687   417 
11-08 00:30:49|  0   0  99   0   1|   0    74M| 104   380 |   0     0 | 745   477 
11-08 00:30:50|  1   0  99   0   0|   0    61M| 172   528 |   0     0 | 640   417 
11-08 00:30:51|  0   0  98   0   0|   0    61M| 104   380 |   0     0 | 603   401 
11-08 00:30:52|  0   0  98   0   0|   0    61M| 104   380 |   0     0 | 632   427 
11-08 00:30:53|  0   0  99   0   0|   0    61M| 104   380 |   0     0 | 622   426 
11-08 00:30:54|  0   0  99   0   0|   0    61M| 104   380 |   0     0 | 623   421 
11-08 00:30:55|  0   0  98   0   0|   0    61M| 104   380 |   0     0 | 613   411 
11-08 00:30:56|  1   0  99   0   0|   0    61M| 104   380 |   0     0 | 617   412 
11-08 00:30:57|  0   0  98   0   0|   0    61M| 172   528 |   0     0 | 617   404 
11-08 00:30:58|  1   0  99   0   0|   0    61M| 104   380 |   0     0 | 622   407 
11-08 00:30:59|  0   0  99   0   0|   0    61M| 104   380 |   0     0 | 620   401 
11-08 00:31:00|  1   0  99   0   0|   0    61M| 200   570 |   0     0 | 804   416 
11-08 00:31:01|  0   0  99   0   0|   0    61M| 180   470 |   0     0 | 636   419 
11-08 00:31:02|  0   0  98   0   0|   0    61M| 104   380 |   0     0 | 613   413 
11-08 00:31:03|  0   0  99   0   0|   0    61M| 104   380 |   0     0 | 625   402 
11-08 00:31:04|  2   0  98   0   0|   0    61M| 104   380 |   0     0 | 623   423 
11-08 00:31:05|  1   1  98   0   0|1052k   35M| 104   380 |   0     0 |1627  1160 
11-08 00:31:06|  1   0  95   0   0|   0  7820k| 104   380 |   0     0 |2859  4306 
11-08 00:31:07|  1   0  96   0   0|   0  8488k| 104   380 |   0     0 |2421  4644 
11-08 00:31:08|  1   0  96   0   0|   0  8204k| 172   528 |   0     0 |2421  4485 
11-08 00:31:09|  1   0  96   0   1|   0  8012k| 104   380 |   0     0 |2295  4391 
11-08 00:31:10|  0   0  95   0   1|   0  8020k| 104   380 |   0     0 |2351  4415 
11-08 00:31:11|  1   0  96   0   1|   0  8472k| 172   528 |   0     0 |2504  4629 
11-08 00:31:12|  1   0  96   0   0|   0  8324k| 104   380 |   0     0 |2414  4550 
11-08 00:31:13|  1   0  97   0   0|   0  8304k| 104   380 |   0     0 |2385  4548 
11-08 00:31:14|  1   0  96   0   1|   0  8416k| 208  4712 |   0     0 |2468  4630 
11-08 00:31:15|  1   0  96   0   0|   0  8572k| 132   422 |   0     0 |2457  4678 
11-08 00:31:16|  1   0  96   0   1|   0  8728k| 104   380 |   0     0 |2521  4757 
11-08 00:31:17|  0   0  96   0   0|   0  8632k| 180   470 |   0     0 |2532  4713 
11-08 00:31:18|  1   0  97   0   0|   0  8704k| 172   528 |   0     0 |2592  4768 
11-08 00:31:19|  1   0  96   0   0|   0  8640k| 464   578 |   0     0 |2467  4728 
11-08 00:31:20|  0   0  95   0   0|   0  8692k| 104   380 |   0     0 |2449  4734 
11-08 00:31:21|  1   0  96   0   1|   0  8600k| 172   528 |   0     0 |2500  4690 
11-08 00:31:22|  1   0  96   0   0|   0  8680k| 104   380 |   0     0 |2523  4746 
11-08 00:31:23|  0   0  96   0   0|   0  8775k| 104   380 |   0     0 |2459  4770 
11-08 00:31:24|  1   0  95   0   0|   0  8661k| 104   380 |   0     0 |2559  4740 
11-08 00:31:25|  1   0  96   0   0|   0  8532k| 104   380 |   0     0 |2461  4655 
11-08 00:31:26|  0   0  96   0   0|   0  8616k| 104   380 |   0     0 |2609  4708 
11-08 00:31:27|  2   0  96   0   0|   0  8728k| 104   380 |   0     0 |2469  4769 
11-08 00:31:28|  1   0  95   0   0|   0  8532k| 248   618 |   0     0 |2492  4686 
11-08 00:31:29|  0   0  96   0   0|   0  8756k| 104   380 |   0     0 |2539  4771 
11-08 00:31:30|  0   0  96   0   0|   0  8436k| 104   380 |   0     0 |2399  4617 
11-08 00:31:31|  1   0  96   0   0|   0  8592k| 248   618 |   0     0 |2552  4700 
11-08 00:31:32|  1   0  96   0   0|   0  8608k| 104   380 |   0     0 |2642  4698 
11-08 00:31:33|  1   0  96   0   1|   0  8420k| 180   470 |   0     0 |2411  4603 
11-08 00:31:34|  1   0  96   0   0|   0  8684k| 180   470 |   0     0 |2526  4769 
11-08 00:31:35|  2   3  93   0   0|1052k 7172k| 312  7020 |   0     0 |2409  4140 
11-08 00:31:36|  0   0 100   0   0|   0     0 |  52   190 |   0     0 |  72   103 
11-08 00:31:37|  0   0 100   0   0|   0     0 |  52   190 |   0     0 |  58    97 
11-08 00:31:38|  0   0  99   0   0|   0  4096B| 120   338 |   0     0 |  71   101 
11-08 00:31:39|  0   0 100   0   0|   0     0 |  52   190 |   0     0 |  63    95 
11-08 00:31:40|  0   0 100   0   0|   0     0 | 156  4522 |   0     0 |  67    92 
11-08 00:31:41|  0   0 100   0   0|   0     0 | 120   338 |   0     0 |  72    98 
11-08 00:31:42|  1   0 100   0   0|   0     0 |  52   190 |   0     0 |  62    94 
11-08 00:31:43|  0   0 100   0   0|   0     0 |  52   190 |   0     0 |  66    93 
11-08 00:31:44|  0   0 100   0   0|   0     0 |  52   190 |   0     0 |  72   102 
11-08 00:31:45|  0   0 100   0   0|   0     0 |  52   190 |   0     0 |  73    98 
11-08 00:31:46|  0   0 100   0   0|   0     0 |  52   190 |   0     0 |  61    97 
11-08 00:31:47|  0   0 100   0   0|   0     0 |  52   190 |   0     0 |  57    93 
11-08 00:31:48|  0   0 100   0   0|   0  8192B|  52   190 |   0     0 |  62    94 
11-08 00:31:49|  0   0  99   0   0|   0     0 | 196   428 |   0     0 |  75    97 
11-08 00:31:50|  0   0 100   0   0|   0     0 | 524   832 |   0     0 | 105   130 
11-08 00:31:51|  0   0 100   0   0|   0     0 |  52   190 |   0     0 |  62    95 
