20/08/11 00:22:41 drbd1            0.00  104.00      0.00     13.00     0.00     0.00   0.00   0.00    0.00    9.81   1.02     0.00   128.00   0.92   9.60
20/08/11 00:22:42 drbd1            0.00  648.00      0.00     81.00     0.00     0.00   0.00   0.00    0.00    8.62   5.59     0.00   128.00   0.94  60.80
20/08/11 00:22:43 drbd1            0.00  656.00      0.00     82.00     0.00     0.00   0.00   0.00    0.00    8.58   5.63     0.00   128.00   0.95  62.30
20/08/11 00:22:44 drbd1            0.00  632.00      0.00     79.00     0.00     0.00   0.00   0.00    0.00    8.70   5.50     0.00   128.00   0.93  58.80
20/08/11 00:22:45 drbd1            0.00  488.00      0.00     61.00     0.00     0.00   0.00   0.00    0.00    9.86   4.81     0.00   128.00   0.98  47.80
20/08/11 00:22:46 drbd1            0.00  488.00      0.00     61.00     0.00     0.00   0.00   0.00    0.00    9.93   4.84     0.00   128.00   0.97  47.20
20/08/11 00:22:47 drbd1            0.00  488.00      0.00     61.00     0.00     0.00   0.00   0.00    0.00    9.83   4.80     0.00   128.00   0.99  48.40
20/08/11 00:22:48 drbd1            0.00  488.00      0.00     61.00     0.00     0.00   0.00   0.00    0.00    9.84   4.80     0.00   128.00   0.98  47.80
20/08/11 00:22:49 drbd1            0.00  488.00      0.00     61.00     0.00     0.00   0.00   0.00    0.00    9.92   4.84     0.00   128.00   0.97  47.30
20/08/11 00:22:50 drbd1            0.00  488.00      0.00     61.00     0.00     0.00   0.00   0.00    0.00   10.03   4.89     0.00   128.00   0.97  47.20
20/08/11 00:22:51 drbd1            0.00  488.00      0.00     61.00     0.00     0.00   0.00   0.00    0.00    9.94   4.85     0.00   128.00   0.97  47.50
20/08/11 00:22:52 drbd1            0.00  488.00      0.00     61.00     0.00     0.00   0.00   0.00    0.00    9.80   4.78     0.00   128.00   0.99  48.10
20/08/11 00:22:53 drbd1            0.00  488.00      0.00     61.00     0.00     0.00   0.00   0.00    0.00    9.99   4.87     0.00   128.00   0.97  47.10
20/08/11 00:22:54 drbd1            0.00  488.00      0.00     61.00     0.00     0.00   0.00   0.00    0.00    9.87   4.82     0.00   128.00   0.97  47.20
20/08/11 00:22:55 drbd1            0.00  488.00      0.00     61.00     0.00     0.00   0.00   0.00    0.00    9.90   4.83     0.00   128.00   0.98  47.80
20/08/11 00:22:56 drbd1            0.00  488.00      0.00     61.00     0.00     0.00   0.00   0.00    0.00    9.86   4.81     0.00   128.00   1.00  48.60
20/08/11 00:22:57 drbd1            0.00  296.00      0.00     37.00     0.00     0.00   0.00   0.00    0.00   10.17   3.01     0.00   128.00   1.02  30.20
20/08/11 00:22:58 drbd1            0.00  656.00      0.00     82.00     0.00     0.00   0.00   0.00    0.00    8.38   5.49     0.00   128.00   0.95  62.40
20/08/11 00:22:59 drbd1            0.00  512.00      0.00     64.00     0.00     0.00   0.00   0.00    0.00    9.60   4.91     0.00   128.00   0.96  49.30
20/08/11 00:23:00 drbd1            0.00  488.00      0.00     61.00     0.00     0.00   0.00   0.00    0.00    9.88   4.82     0.00   128.00   0.98  48.00
20/08/11 00:23:01 drbd1            0.00  488.00      0.00     61.00     0.00     0.00   0.00   0.00    0.00   10.00   4.88     0.00   128.00   0.98  47.80
20/08/11 00:23:02 drbd1            0.00  488.00      0.00     61.00     0.00     0.00   0.00   0.00    0.00   10.01   4.88     0.00   128.00   0.97  47.30
20/08/11 00:23:03 drbd1            0.00  488.00      0.00     61.00     0.00     0.00   0.00   0.00    0.00    9.99   4.88     0.00   128.00   0.95  46.50
20/08/11 00:23:04 drbd1            0.00  488.00      0.00     61.00     0.00     0.00   0.00   0.00    0.00    9.83   4.80     0.00   128.00   1.00  48.60
20/08/11 00:23:05 drbd1            0.00  488.00      0.00     61.00     0.00     0.00   0.00   0.00    0.00    9.95   4.86     0.00   128.00   0.96  46.80
20/08/11 00:23:06 drbd1            0.00  488.00      0.00     61.00     0.00     0.00   0.00   0.00    0.00    9.80   4.78     0.00   128.00   0.97  47.40
20/08/11 00:23:07 drbd1            0.00  488.00      0.00     61.00     0.00     0.00   0.00   0.00    0.00   10.00   4.88     0.00   128.00   0.97  47.50
20/08/11 00:23:08 drbd1            0.00  488.00      0.00     61.00     0.00     0.00   0.00   0.00    0.00    9.87   4.82     0.00   128.00   0.98  47.60
20/08/11 00:23:09 drbd1            0.00  488.00      0.00     61.00     0.00     0.00   0.00   0.00    0.00    9.89   4.83     0.00   128.00   0.95  46.60
20/08/11 00:23:10 drbd1            0.00  488.00      0.00     61.00     0.00     0.00   0.00   0.00    0.00   10.00   4.88     0.00   128.00   0.95  46.40
20/08/11 00:23:11 drbd1            0.00  488.00      0.00     61.00     0.00     0.00   0.00   0.00    0.00    9.90   4.83     0.00   128.00   0.95  46.60
20/08/11 00:23:12 drbd1            0.00  488.00      0.00     61.00     0.00     0.00   0.00   0.00    0.00    9.99   4.87     0.00   128.00   0.97  47.30
20/08/11 00:23:13 drbd1            0.00  496.00      0.00     62.00     0.00     0.00   0.00   0.00    0.00    9.70   4.81     0.00   128.00   0.98  48.40
20/08/11 00:23:14 drbd1            0.00  324.00      0.00     40.50     0.00     0.00   0.00   0.00    0.00    8.50   2.75     0.00   128.00   0.99  32.20
20/08/11 00:23:15 drbd1            0.00  508.00      0.00     63.50     0.00     0.00   0.00   0.00    0.00    6.30   3.20     0.00   128.00   0.94  48.00
20/08/11 00:23:16 drbd1            0.00  500.00      0.00     62.50     0.00     0.00   0.00   0.00    0.00    6.39   3.20     0.00   128.00   0.96  47.80
20/08/11 00:23:17 drbd1            0.00  496.00      0.00     62.00     0.00     0.00   0.00   0.00    0.00    6.45   3.20     0.00   128.00   0.95  47.30
20/08/11 00:23:18 drbd1            0.00  500.00      0.00     62.50     0.00     0.00   0.00   0.00    0.00    6.30   3.15     0.00   128.00   0.98  49.20
20/08/11 00:23:19 drbd1            0.00  504.00      0.00     63.00     0.00     0.00   0.00   0.00    0.00    6.37   3.21     0.00   128.00   0.95  47.90
20/08/11 00:23:20 drbd1            0.00  504.00      0.00     63.00     0.00     0.00   0.00   0.00    0.00    6.30   3.17     0.00   128.00   0.98  49.40
20/08/11 00:23:21 drbd1            0.00  508.00      0.00     63.50     0.00     0.00   0.00   0.00    0.00    6.24   3.17     0.00   128.00   0.99  50.10
20/08/11 00:23:22 drbd1            0.00  492.00      0.00     61.50     0.00     0.00   0.00   0.00    0.00    6.49   3.19     0.00   128.00   0.97  47.60
20/08/11 00:23:23 drbd1            0.00  500.00      0.00     62.50     0.00     0.00   0.00   0.00    0.00    6.35   3.18     0.00   128.00   0.96  48.10
20/08/11 00:23:24 drbd1            0.00  495.05      0.00     61.88     0.00     0.00   0.00   0.00    0.00    6.30   3.12     0.00   128.00   1.00  49.70
20/08/11 00:23:25 drbd1            0.00  500.00      0.00     62.50     0.00     0.00   0.00   0.00    0.00    6.33   3.17     0.00   128.00   0.96  47.90
20/08/11 00:23:26 drbd1            0.00  496.00      0.00     62.00     0.00     0.00   0.00   0.00    0.00    6.45   3.20     0.00   128.00   0.97  47.90
20/08/11 00:23:27 drbd1            0.00  500.00      0.00     62.50     0.00     0.00   0.00   0.00    0.00    6.30   3.15     0.00   128.00   0.99  49.60
20/08/11 00:23:28 drbd1            0.00  488.00      0.00     61.00     0.00     0.00   0.00   0.00    0.00    6.48   3.16     0.00   128.00   0.97  47.20
20/08/11 00:23:29 drbd1            0.00  492.00      0.00     61.50     0.00     0.00   0.00   0.00    0.00    6.45   3.17     0.00   128.00   0.96  47.20
20/08/11 00:23:30 drbd1            0.00  488.00      0.00     61.00     0.00     0.00   0.00   0.00    0.00    6.43   3.14     0.00   128.00   0.99  48.20
20/08/11 00:23:31 drbd1            0.00  203.00      0.00     10.00     0.00     0.00   0.00   0.00    0.00    4.78   0.97     0.00    50.42   1.05  21.40
20/08/11 00:23:32 drbd1            0.00  304.00      0.00      1.19     0.00     0.00   0.00   0.00    0.00    3.26   0.99     0.00     4.00   1.03  31.20
20/08/11 00:23:33 drbd1            0.00  306.00      0.00      1.20     0.00     0.00   0.00   0.00    0.00    3.25   0.99     0.00     4.00   1.02  31.30
20/08/11 00:23:34 drbd1            0.00  308.00      0.00      1.20     0.00     0.00   0.00   0.00    0.00    3.22   0.99     0.00     4.00   1.02  31.40
20/08/11 00:23:35 drbd1            0.00  311.00      0.00      1.21     0.00     0.00   0.00   0.00    0.00    3.20   1.00     0.00     4.00   1.02  31.80
20/08/11 00:23:36 drbd1            0.00  307.00      0.00      1.20     0.00     0.00   0.00   0.00    0.00    3.24   0.99     0.00     4.00   1.02  31.20
20/08/11 00:23:37 drbd1            0.00  313.00      0.00      1.22     0.00     0.00   0.00   0.00    0.00    3.19   1.00     0.00     4.00   1.01  31.60
20/08/11 00:23:38 drbd1            0.00  310.00      0.00      1.21     0.00     0.00   0.00   0.00    0.00    3.21   0.99     0.00     4.00   1.02  31.50
20/08/11 00:23:39 drbd1            0.00  309.00      0.00      1.21     0.00     0.00   0.00   0.00    0.00    3.20   0.99     0.00     4.00   1.04  32.00
20/08/11 00:23:40 drbd1            0.00  310.00      0.00      1.21     0.00     0.00   0.00   0.00    0.00    3.20   0.99     0.00     4.00   1.03  32.00
20/08/11 00:23:41 drbd1            0.00  301.00      0.00      1.18     0.00     0.00   0.00   0.00    0.00    3.26   0.98     0.00     4.00   1.05  31.70
20/08/11 00:23:42 drbd1            0.00  303.00      0.00      1.18     0.00     0.00   0.00   0.00    0.00    3.24   0.98     0.00     4.00   1.03  31.30
20/08/11 00:23:43 drbd1            0.00  306.00      0.00      1.20     0.00     0.00   0.00   0.00    0.00    3.28   1.00     0.00     4.00   1.02  31.10
20/08/11 00:23:44 drbd1            0.00  312.00      0.00      1.22     0.00     0.00   0.00   0.00    0.00    3.16   0.99     0.00     4.00   1.04  32.50
20/08/11 00:23:45 drbd1            0.00  312.00      0.00      1.22     0.00     0.00   0.00   0.00    0.00    3.17   0.99     0.00     4.00   1.03  32.20
20/08/11 00:23:46 drbd1            0.00  310.00      0.00      1.21     0.00     0.00   0.00   0.00    0.00    3.19   0.99     0.00     4.00   1.04  32.10
20/08/11 00:23:47 drbd1            0.00  310.00      0.00      1.21     0.00     0.00   0.00   0.00    0.00    3.22   1.00     0.00     4.00   1.01  31.40
20/08/11 00:23:48 drbd1            0.00  313.00      0.00      1.22     0.00     0.00   0.00   0.00    0.00    3.16   0.99     0.00     4.00   1.03  32.30
20/08/11 00:23:49 drbd1            0.00  312.00      0.00      1.22     0.00     0.00   0.00   0.00    0.00    3.15   0.98     0.00     4.00   1.05  32.90
20/08/11 00:23:50 drbd1            0.00  304.00      0.00      1.19     0.00     0.00   0.00   0.00    0.00    3.26   0.99     0.00     4.00   1.03  31.40
20/08/11 00:23:51 drbd1            0.00  306.00      0.00      1.20     0.00     0.00   0.00   0.00    0.00    3.25   0.99     0.00     4.00   1.02  31.10
20/08/11 00:23:52 drbd1            0.00  311.00      0.00      1.21     0.00     0.00   0.00   0.00    0.00    3.19   0.99     0.00     4.00   1.03  31.90
20/08/11 00:23:53 drbd1            0.00  311.00      0.00      1.21     0.00     0.00   0.00   0.00    0.00    3.18   0.99     0.00     4.00   1.03  32.10
20/08/11 00:23:54 drbd1            0.00  311.00      0.00      1.21     0.00     0.00   0.00   0.00    0.00    3.19   0.99     0.00     4.00   1.03  32.00
20/08/11 00:23:55 drbd1            0.00  313.00      0.00      1.22     0.00     0.00   0.00   0.00    0.00    3.19   1.00     0.00     4.00   1.01  31.60
20/08/11 00:23:56 drbd1            0.00  309.00      0.00      1.21     0.00     0.00   0.00   0.00    0.00    3.21   0.99     0.00     4.00   1.03  31.80
20/08/11 00:23:57 drbd1            0.00  311.00      0.00      1.21     0.00     0.00   0.00   0.00    0.00    3.21   1.00     0.00     4.00   1.00  31.20
20/08/11 00:23:58 drbd1            0.00  310.00      0.00      1.21     0.00     0.00   0.00   0.00    0.00    3.21   0.99     0.00     4.00   1.02  31.60
20/08/11 00:23:59 drbd1            0.00  312.00      0.00      1.22     0.00     0.00   0.00   0.00    0.00    3.19   1.00     0.00     4.00   1.02  31.70
20/08/11 00:24:00 drbd1            0.00  302.00      0.00      1.18     0.00     0.00   0.00   0.00    0.00    3.28   0.99     0.00     4.00   1.03  31.10
20/08/11 00:24:01 drbd1            0.00  138.00      0.00      0.54     0.00     0.00   0.00   0.00    0.00    3.43   0.47     0.00     4.00   1.02  14.10
20/08/11 00:24:02 drbd1            0.00    0.00      0.00      0.00     0.00     0.00   0.00   0.00    0.00    0.00   0.00     0.00     0.00   0.00   0.00
20/08/11 00:24:03 drbd1            0.00    0.00      0.00      0.00     0.00     0.00   0.00   0.00    0.00    0.00   0.00     0.00     0.00   0.00   0.00
20/08/11 00:24:04 drbd1            0.00    0.00      0.00      0.00     0.00     0.00   0.00   0.00    0.00    0.00   0.00     0.00     0.00   0.00   0.00
20/08/11 00:24:05 drbd1            0.00    0.00      0.00      0.00     0.00     0.00   0.00   0.00    0.00    0.00   0.00     0.00     0.00   0.00   0.00
20/08/11 00:24:06 drbd1            0.00    0.00      0.00      0.00     0.00     0.00   0.00   0.00    0.00    0.00   0.00     0.00     0.00   0.00   0.00
20/08/11 00:24:07 drbd1            0.00    0.00      0.00      0.00     0.00     0.00   0.00   0.00    0.00    0.00   0.00     0.00     0.00   0.00   0.00
20/08/11 00:24:08 drbd1            0.00    0.00      0.00      0.00     0.00     0.00   0.00   0.00    0.00    0.00   0.00     0.00     0.00   0.00   0.00
20/08/11 00:24:09 drbd1            0.00    0.00      0.00      0.00     0.00     0.00   0.00   0.00    0.00    0.00   0.00     0.00     0.00   0.00   0.00
20/08/11 00:24:10 drbd1            0.00    0.00      0.00      0.00     0.00     0.00   0.00   0.00    0.00    0.00   0.00     0.00     0.00   0.00   0.00
20/08/11 00:24:11 drbd1            0.00    0.00      0.00      0.00     0.00     0.00   0.00   0.00    0.00    0.00   0.00     0.00     0.00   0.00   0.00
20/08/11 00:24:12 drbd1            0.00    0.00      0.00      0.00     0.00     0.00   0.00   0.00    0.00    0.00   0.00     0.00     0.00   0.00   0.00
20/08/11 00:24:13 drbd1            0.00    0.00      0.00      0.00     0.00     0.00   0.00   0.00    0.00    0.00   0.00     0.00     0.00   0.00   0.00
20/08/11 00:24:14 drbd1            0.00    0.00      0.00      0.00     0.00     0.00   0.00   0.00    0.00    0.00   0.00     0.00     0.00   0.00   0.00
20/08/11 00:24:15 drbd1            0.00    0.00      0.00      0.00     0.00     0.00   0.00   0.00    0.00    0.00   0.00     0.00     0.00   0.00   0.00
20/08/11 00:24:16 drbd1            0.00    0.00      0.00      0.00     0.00     0.00   0.00   0.00    0.00    0.00   0.00     0.00     0.00   0.00   0.00
20/08/11 00:24:17 drbd1            0.00    0.00      0.00      0.00     0.00     0.00   0.00   0.00    0.00    0.00   0.00     0.00     0.00   0.00   0.00
20/08/11 00:24:18 drbd1            0.00    0.00      0.00      0.00     0.00     0.00   0.00   0.00    0.00    0.00   0.00     0.00     0.00   0.00   0.00
20/08/11 00:24:19 drbd1            0.00    0.00      0.00      0.00     0.00     0.00   0.00   0.00    0.00    0.00   0.00     0.00     0.00   0.00   0.00
20/08/11 00:24:20 drbd1            0.00    0.00      0.00      0.00     0.00     0.00   0.00   0.00    0.00    0.00   0.00     0.00     0.00   0.00   0.00
20/08/11 00:24:21 drbd1            0.00    0.00      0.00      0.00     0.00     0.00   0.00   0.00    0.00    0.00   0.00     0.00     0.00   0.00   0.00
20/08/11 00:24:22 drbd1            0.00    0.00      0.00      0.00     0.00     0.00   0.00   0.00    0.00    0.00   0.00     0.00     0.00   0.00   0.00
20/08/11 00:24:23 drbd1            0.00    0.00      0.00      0.00     0.00     0.00   0.00   0.00    0.00    0.00   0.00     0.00     0.00   0.00   0.00
20/08/11 00:24:24 drbd1            0.00    0.00      0.00      0.00     0.00     0.00   0.00   0.00    0.00    0.00   0.00     0.00     0.00   0.00   0.00
20/08/11 00:24:25 drbd1            0.00    0.00      0.00      0.00     0.00     0.00   0.00   0.00    0.00    0.00   0.00     0.00     0.00   0.00   0.00
20/08/11 00:24:26 drbd1            0.00    0.00      0.00      0.00     0.00     0.00   0.00   0.00    0.00    0.00   0.00     0.00     0.00   0.00   0.00
20/08/11 00:24:27 drbd1            0.00    0.00      0.00      0.00     0.00     0.00   0.00   0.00    0.00    0.00   0.00     0.00     0.00   0.00   0.00
20/08/11 00:24:28 drbd1            0.00    0.00      0.00      0.00     0.00     0.00   0.00   0.00    0.00    0.00   0.00     0.00     0.00   0.00   0.00
20/08/11 00:24:29 drbd1            0.00    0.00      0.00      0.00     0.00     0.00   0.00   0.00    0.00    0.00   0.00     0.00     0.00   0.00   0.00
20/08/11 00:24:30 drbd1            0.00    0.00      0.00      0.00     0.00     0.00   0.00   0.00    0.00    0.00   0.00     0.00     0.00   0.00   0.00
20/08/11 00:24:31 drbd1            0.00    0.00      0.00      0.00     0.00     0.00   0.00   0.00    0.00    0.00   0.00     0.00     0.00   0.00   0.00
20/08/11 00:24:32 drbd1            0.00    0.00      0.00      0.00     0.00     0.00   0.00   0.00    0.00    0.00   0.00     0.00     0.00   0.00   0.00
20/08/11 00:24:33 drbd1            0.00    0.00      0.00      0.00     0.00     0.00   0.00   0.00    0.00    0.00   0.00     0.00     0.00   0.00   0.00
20/08/11 00:24:34 drbd1            0.00    0.00      0.00      0.00     0.00     0.00   0.00   0.00    0.00    0.00   0.00     0.00     0.00   0.00   0.00
20/08/11 00:24:35 drbd1            0.00    0.00      0.00      0.00     0.00     0.00   0.00   0.00    0.00    0.00   0.00     0.00     0.00   0.00   0.00
20/08/11 00:24:36 drbd1            0.00    0.00      0.00      0.00     0.00     0.00   0.00   0.00    0.00    0.00   0.00     0.00     0.00   0.00   0.00
20/08/11 00:24:37 drbd1            0.00    0.00      0.00      0.00     0.00     0.00   0.00   0.00    0.00    0.00   0.00     0.00     0.00   0.00   0.00
20/08/11 00:24:38 drbd1            0.00    0.00      0.00      0.00     0.00     0.00   0.00   0.00    0.00    0.00   0.00     0.00     0.00   0.00   0.00
20/08/11 00:24:39 drbd1            0.00    0.00      0.00      0.00     0.00     0.00   0.00   0.00    0.00    0.00   0.00     0.00     0.00   0.00   0.00
20/08/11 00:24:40 drbd1            0.00    0.00      0.00      0.00     0.00     0.00   0.00   0.00    0.00    0.00   0.00     0.00     0.00   0.00   0.00
20/08/11 00:24:41 drbd1            0.00    0.00      0.00      0.00     0.00     0.00   0.00   0.00    0.00    0.00   0.00     0.00     0.00   0.00   0.00
20/08/11 00:24:42 drbd1            0.00    0.00      0.00      0.00     0.00     0.00   0.00   0.00    0.00    0.00   0.00     0.00     0.00   0.00   0.00
20/08/11 00:24:43 drbd1            0.00    0.00      0.00      0.00     0.00     0.00   0.00   0.00    0.00    0.00   0.00     0.00     0.00   0.00   0.00
20/08/11 00:24:44 drbd1            0.00    0.00      0.00      0.00     0.00     0.00   0.00   0.00    0.00    0.00   0.00     0.00     0.00   0.00   0.00
20/08/11 00:24:45 drbd1            0.00    0.00      0.00      0.00     0.00     0.00   0.00   0.00    0.00    0.00   0.00     0.00     0.00   0.00   0.00
20/08/11 00:24:46 drbd1            0.00    0.00      0.00      0.00     0.00     0.00   0.00   0.00    0.00    0.00   0.00     0.00     0.00   0.00   0.00
20/08/11 00:24:47 drbd1            0.00    0.00      0.00      0.00     0.00     0.00   0.00   0.00    0.00    0.00   0.00     0.00     0.00   0.00   0.00
20/08/11 00:24:48 drbd1            0.00    0.00      0.00      0.00     0.00     0.00   0.00   0.00    0.00    0.00   0.00     0.00     0.00   0.00   0.00
20/08/11 00:24:49 drbd1            0.00    0.00      0.00      0.00     0.00     0.00   0.00   0.00    0.00    0.00   0.00     0.00     0.00   0.00   0.00
20/08/11 00:24:50 drbd1            0.00    0.00      0.00      0.00     0.00     0.00   0.00   0.00    0.00    0.00   0.00     0.00     0.00   0.00   0.00
20/08/11 00:24:51 drbd1            0.00    0.00      0.00      0.00     0.00     0.00   0.00   0.00    0.00    0.00   0.00     0.00     0.00   0.00   0.00
20/08/11 00:24:52 drbd1            0.00    0.00      0.00      0.00     0.00     0.00   0.00   0.00    0.00    0.00   0.00     0.00     0.00   0.00   0.00
20/08/11 00:24:53 drbd1            0.00    0.00      0.00      0.00     0.00     0.00   0.00   0.00    0.00    0.00   0.00     0.00     0.00   0.00   0.00
20/08/11 00:24:54 drbd1            0.00    0.00      0.00      0.00     0.00     0.00   0.00   0.00    0.00    0.00   0.00     0.00     0.00   0.00   0.00
20/08/11 00:24:55 drbd1            0.00    0.00      0.00      0.00     0.00     0.00   0.00   0.00    0.00    0.00   0.00     0.00     0.00   0.00   0.00
20/08/11 00:24:56 drbd1            0.00    0.00      0.00      0.00     0.00     0.00   0.00   0.00    0.00    0.00   0.00     0.00     0.00   0.00   0.00
20/08/11 00:24:57 drbd1            0.00    0.00      0.00      0.00     0.00     0.00   0.00   0.00    0.00    0.00   0.00     0.00     0.00   0.00   0.00
20/08/11 00:24:58 drbd1            0.00    0.00      0.00      0.00     0.00     0.00   0.00   0.00    0.00    0.00   0.00     0.00     0.00   0.00   0.00
20/08/11 00:24:59 drbd1            0.00    0.00      0.00      0.00     0.00     0.00   0.00   0.00    0.00    0.00   0.00     0.00     0.00   0.00   0.00
20/08/11 00:25:00 drbd1            0.00    0.00      0.00      0.00     0.00     0.00   0.00   0.00    0.00    0.00   0.00     0.00     0.00   0.00   0.00
20/08/11 00:25:01 drbd1            0.00    0.00      0.00      0.00     0.00     0.00   0.00   0.00    0.00    0.00   0.00     0.00     0.00   0.00   0.00
20/08/11 00:25:02 drbd1            0.00    0.00      0.00      0.00     0.00     0.00   0.00   0.00    0.00    0.00   0.00     0.00     0.00   0.00   0.00
20/08/11 00:25:03 drbd1            0.00    0.00      0.00      0.00     0.00     0.00   0.00   0.00    0.00    0.00   0.00     0.00     0.00   0.00   0.00
20/08/11 00:25:04 drbd1            0.00    0.00      0.00      0.00     0.00     0.00   0.00   0.00    0.00    0.00   0.00     0.00     0.00   0.00   0.00
20/08/11 00:25:05 drbd1            0.00    0.00      0.00      0.00     0.00     0.00   0.00   0.00    0.00    0.00   0.00     0.00     0.00   0.00   0.00
20/08/11 00:25:06 drbd1            0.00    0.00      0.00      0.00     0.00     0.00   0.00   0.00    0.00    0.00   0.00     0.00     0.00   0.00   0.00
20/08/11 00:25:07 drbd1            0.00    0.00      0.00      0.00     0.00     0.00   0.00   0.00    0.00    0.00   0.00     0.00     0.00   0.00   0.00
20/08/11 00:25:08 drbd1            0.00    0.00      0.00      0.00     0.00     0.00   0.00   0.00    0.00    0.00   0.00     0.00     0.00   0.00   0.00
20/08/11 00:25:09 drbd1            0.00    0.00      0.00      0.00     0.00     0.00   0.00   0.00    0.00    0.00   0.00     0.00     0.00   0.00   0.00
20/08/11 00:25:10 drbd1            0.00    0.00      0.00      0.00     0.00     0.00   0.00   0.00    0.00    0.00   0.00     0.00     0.00   0.00   0.00
20/08/11 00:25:11 drbd1            0.00    0.00      0.00      0.00     0.00     0.00   0.00   0.00    0.00    0.00   0.00     0.00     0.00   0.00   0.00
20/08/11 00:25:12 drbd1            0.00    0.00      0.00      0.00     0.00     0.00   0.00   0.00    0.00    0.00   0.00     0.00     0.00   0.00   0.00
20/08/11 00:25:13 drbd1            0.00    0.00      0.00      0.00     0.00     0.00   0.00   0.00    0.00    0.00   0.00     0.00     0.00   0.00   0.00
20/08/11 00:25:14 drbd1            0.00    0.00      0.00      0.00     0.00     0.00   0.00   0.00    0.00    0.00   0.00     0.00     0.00   0.00   0.00
20/08/11 00:25:15 drbd1            0.00    0.00      0.00      0.00     0.00     0.00   0.00   0.00    0.00    0.00   0.00     0.00     0.00   0.00   0.00
20/08/11 00:25:16 drbd1            0.00    0.00      0.00      0.00     0.00     0.00   0.00   0.00    0.00    0.00   0.00     0.00     0.00   0.00   0.00
20/08/11 00:25:17 drbd1            0.00    0.00      0.00      0.00     0.00     0.00   0.00   0.00    0.00    0.00   0.00     0.00     0.00   0.00   0.00
20/08/11 00:25:18 drbd1            0.00    0.00      0.00      0.00     0.00     0.00   0.00   0.00    0.00    0.00   0.00     0.00     0.00   0.00   0.00
20/08/11 00:25:19 drbd1            0.00    0.00      0.00      0.00     0.00     0.00   0.00   0.00    0.00    0.00   0.00     0.00     0.00   0.00   0.00
20/08/11 00:25:20 drbd1            0.00    0.00      0.00      0.00     0.00     0.00   0.00   0.00    0.00    0.00   0.00     0.00     0.00   0.00   0.00
20/08/11 00:25:21 drbd1            0.00    0.00      0.00      0.00     0.00     0.00   0.00   0.00    0.00    0.00   0.00     0.00     0.00   0.00   0.00
20/08/11 00:25:22 drbd1            0.00    0.00      0.00      0.00     0.00     0.00   0.00   0.00    0.00    0.00   0.00     0.00     0.00   0.00   0.00
20/08/11 00:25:23 drbd1            0.00    0.00      0.00      0.00     0.00     0.00   0.00   0.00    0.00    0.00   0.00     0.00     0.00   0.00   0.00
20/08/11 00:25:24 drbd1            0.00    0.00      0.00      0.00     0.00     0.00   0.00   0.00    0.00    0.00   0.00     0.00     0.00   0.00   0.00
20/08/11 00:25:25 drbd1            0.00    0.00      0.00      0.00     0.00     0.00   0.00   0.00    0.00    0.00   0.00     0.00     0.00   0.00   0.00
20/08/11 00:25:26 drbd1            0.00    0.00      0.00      0.00     0.00     0.00   0.00   0.00    0.00    0.00   0.00     0.00     0.00   0.00   0.00
20/08/11 00:25:27 drbd1            0.00    0.00      0.00      0.00     0.00     0.00   0.00   0.00    0.00    0.00   0.00     0.00     0.00   0.00   0.00
20/08/11 00:25:28 drbd1            0.00    0.00      0.00      0.00     0.00     0.00   0.00   0.00    0.00    0.00   0.00     0.00     0.00   0.00   0.00
20/08/11 00:25:29 drbd1            0.00    0.00      0.00      0.00     0.00     0.00   0.00   0.00    0.00    0.00   0.00     0.00     0.00   0.00   0.00
20/08/11 00:25:30 drbd1            0.00    0.00      0.00      0.00     0.00     0.00   0.00   0.00    0.00    0.00   0.00     0.00     0.00   0.00   0.00
20/08/11 00:25:31 drbd1            0.00    0.00      0.00      0.00     0.00     0.00   0.00   0.00    0.00    0.00   0.00     0.00     0.00   0.00   0.00
20/08/11 00:25:32 drbd1            0.00    0.00      0.00      0.00     0.00     0.00   0.00   0.00    0.00    0.00   0.00     0.00     0.00   0.00   0.00
20/08/11 00:25:33 drbd1            0.00    0.00      0.00      0.00     0.00     0.00   0.00   0.00    0.00    0.00   0.00     0.00     0.00   0.00   0.00
20/08/11 00:25:34 drbd1            0.00    0.00      0.00      0.00     0.00     0.00   0.00   0.00    0.00    0.00   0.00     0.00     0.00   0.00   0.00
20/08/11 00:25:35 drbd1            0.00    0.00      0.00      0.00     0.00     0.00   0.00   0.00    0.00    0.00   0.00     0.00     0.00   0.00   0.00
20/08/11 00:25:36 drbd1            0.00    0.00      0.00      0.00     0.00     0.00   0.00   0.00    0.00    0.00   0.00     0.00     0.00   0.00   0.00
20/08/11 00:25:37 drbd1            0.00    0.00      0.00      0.00     0.00     0.00   0.00   0.00    0.00    0.00   0.00     0.00     0.00   0.00   0.00
20/08/11 00:25:38 drbd1            0.00    0.00      0.00      0.00     0.00     0.00   0.00   0.00    0.00    0.00   0.00     0.00     0.00   0.00   0.00
20/08/11 00:25:39 drbd1            0.00    0.00      0.00      0.00     0.00     0.00   0.00   0.00    0.00    0.00   0.00     0.00     0.00   0.00   0.00
20/08/11 00:25:40 drbd1            0.00    0.00      0.00      0.00     0.00     0.00   0.00   0.00    0.00    0.00   0.00     0.00     0.00   0.00   0.00
20/08/11 00:25:41 drbd1            0.00    0.00      0.00      0.00     0.00     0.00   0.00   0.00    0.00    0.00   0.00     0.00     0.00   0.00   0.00
20/08/11 00:25:42 drbd1            0.00    0.00      0.00      0.00     0.00     0.00   0.00   0.00    0.00    0.00   0.00     0.00     0.00   0.00   0.00
20/08/11 00:25:43 drbd1            0.00    0.00      0.00      0.00     0.00     0.00   0.00   0.00    0.00    0.00   0.00     0.00     0.00   0.00   0.00
20/08/11 00:25:44 drbd1            0.00    0.00      0.00      0.00     0.00     0.00   0.00   0.00    0.00    0.00   0.00     0.00     0.00   0.00   0.00
20/08/11 00:25:45 drbd1            0.00    0.00      0.00      0.00     0.00     0.00   0.00   0.00    0.00    0.00   0.00     0.00     0.00   0.00   0.00
20/08/11 00:25:46 drbd1            0.00    0.00      0.00      0.00     0.00     0.00   0.00   0.00    0.00    0.00   0.00     0.00     0.00   0.00   0.00
20/08/11 00:25:47 drbd1            0.00    0.00      0.00      0.00     0.00     0.00   0.00   0.00    0.00    0.00   0.00     0.00     0.00   0.00   0.00
20/08/11 00:25:48 drbd1            0.00    0.00      0.00      0.00     0.00     0.00   0.00   0.00    0.00    0.00   0.00     0.00     0.00   0.00   0.00
20/08/11 00:25:49 drbd1            0.00    0.00      0.00      0.00     0.00     0.00   0.00   0.00    0.00    0.00   0.00     0.00     0.00   0.00   0.00
20/08/11 00:25:50 drbd1            0.00    0.00      0.00      0.00     0.00     0.00   0.00   0.00    0.00    0.00   0.00     0.00     0.00   0.00   0.00
20/08/11 00:25:51 drbd1            0.00    0.00      0.00      0.00     0.00     0.00   0.00   0.00    0.00    0.00   0.00     0.00     0.00   0.00   0.00
20/08/11 00:25:52 drbd1            0.00    0.00      0.00      0.00     0.00     0.00   0.00   0.00    0.00    0.00   0.00     0.00     0.00   0.00   0.00
20/08/11 00:25:53 drbd1            0.00    0.00      0.00      0.00     0.00     0.00   0.00   0.00    0.00    0.00   0.00     0.00     0.00   0.00   0.00
20/08/11 00:25:54 drbd1            0.00    0.00      0.00      0.00     0.00     0.00   0.00   0.00    0.00    0.00   0.00     0.00     0.00   0.00   0.00
20/08/11 00:25:55 drbd1            0.00    0.00      0.00      0.00     0.00     0.00   0.00   0.00    0.00    0.00   0.00     0.00     0.00   0.00   0.00
20/08/11 00:25:56 drbd1            0.00    0.00      0.00      0.00     0.00     0.00   0.00   0.00    0.00    0.00   0.00     0.00     0.00   0.00   0.00
20/08/11 00:25:57 drbd1            0.00    0.00      0.00      0.00     0.00     0.00   0.00   0.00    0.00    0.00   0.00     0.00     0.00   0.00   0.00
20/08/11 00:25:58 drbd1            0.00    0.00      0.00      0.00     0.00     0.00   0.00   0.00    0.00    0.00   0.00     0.00     0.00   0.00   0.00
20/08/11 00:25:59 drbd1            0.00    0.00      0.00      0.00     0.00     0.00   0.00   0.00    0.00    0.00   0.00     0.00     0.00   0.00   0.00
20/08/11 00:26:00 drbd1            0.00    0.00      0.00      0.00     0.00     0.00   0.00   0.00    0.00    0.00   0.00     0.00     0.00   0.00   0.00
20/08/11 00:26:01 drbd1            0.00    0.00      0.00      0.00     0.00     0.00   0.00   0.00    0.00    0.00   0.00     0.00     0.00   0.00   0.00
20/08/11 00:26:02 drbd1            0.00    0.00      0.00      0.00     0.00     0.00   0.00   0.00    0.00    0.00   0.00     0.00     0.00   0.00   0.00
20/08/11 00:26:03 drbd1            0.00    0.00      0.00      0.00     0.00     0.00   0.00   0.00    0.00    0.00   0.00     0.00     0.00   0.00   0.00
20/08/11 00:26:04 drbd1            0.00    0.00      0.00      0.00     0.00     0.00   0.00   0.00    0.00    0.00   0.00     0.00     0.00   0.00   0.00
20/08/11 00:26:05 drbd1            0.00    0.00      0.00      0.00     0.00     0.00   0.00   0.00    0.00    0.00   0.00     0.00     0.00   0.00   0.00
20/08/11 00:26:06 drbd1            0.00    0.00      0.00      0.00     0.00     0.00   0.00   0.00    0.00    0.00   0.00     0.00     0.00   0.00   0.00
20/08/11 00:26:07 drbd1            0.00    0.00      0.00      0.00     0.00     0.00   0.00   0.00    0.00    0.00   0.00     0.00     0.00   0.00   0.00
20/08/11 00:26:08 drbd1            0.00    0.00      0.00      0.00     0.00     0.00   0.00   0.00    0.00    0.00   0.00     0.00     0.00   0.00   0.00
20/08/11 00:26:09 drbd1            0.00    0.00      0.00      0.00     0.00     0.00   0.00   0.00    0.00    0.00   0.00     0.00     0.00   0.00   0.00
20/08/11 00:26:10 drbd1            0.00    0.00      0.00      0.00     0.00     0.00   0.00   0.00    0.00    0.00   0.00     0.00     0.00   0.00   0.00
20/08/11 00:26:11 drbd1            0.00    0.00      0.00      0.00     0.00     0.00   0.00   0.00    0.00    0.00   0.00     0.00     0.00   0.00   0.00
20/08/11 00:26:12 drbd1            0.00    0.00      0.00      0.00     0.00     0.00   0.00   0.00    0.00    0.00   0.00     0.00     0.00   0.00   0.00
20/08/11 00:26:13 drbd1            0.00    0.00      0.00      0.00     0.00     0.00   0.00   0.00    0.00    0.00   0.00     0.00     0.00   0.00   0.00
20/08/11 00:26:14 drbd1            0.00    0.00      0.00      0.00     0.00     0.00   0.00   0.00    0.00    0.00   0.00     0.00     0.00   0.00   0.00
20/08/11 00:26:15 drbd1            0.00    0.00      0.00      0.00     0.00     0.00   0.00   0.00    0.00    0.00   0.00     0.00     0.00   0.00   0.00
20/08/11 00:26:16 drbd1            0.00    0.00      0.00      0.00     0.00     0.00   0.00   0.00    0.00    0.00   0.00     0.00     0.00   0.00   0.00
20/08/11 00:26:17 drbd1            0.00    0.00      0.00      0.00     0.00     0.00   0.00   0.00    0.00    0.00   0.00     0.00     0.00   0.00   0.00
20/08/11 00:26:18 drbd1            0.00    0.00      0.00      0.00     0.00     0.00   0.00   0.00    0.00    0.00   0.00     0.00     0.00   0.00   0.00
20/08/11 00:26:19 drbd1            0.00    0.00      0.00      0.00     0.00     0.00   0.00   0.00    0.00    0.00   0.00     0.00     0.00   0.00   0.00
20/08/11 00:26:20 drbd1            0.00    0.00      0.00      0.00     0.00     0.00   0.00   0.00    0.00    0.00   0.00     0.00     0.00   0.00   0.00
20/08/11 00:26:21 drbd1            0.00    0.00      0.00      0.00     0.00     0.00   0.00   0.00    0.00    0.00   0.00     0.00     0.00   0.00   0.00
20/08/11 00:26:22 drbd1            0.00    0.00      0.00      0.00     0.00     0.00   0.00   0.00    0.00    0.00   0.00     0.00     0.00   0.00   0.00
20/08/11 00:26:23 drbd1            0.00    0.00      0.00      0.00     0.00     0.00   0.00   0.00    0.00    0.00   0.00     0.00     0.00   0.00   0.00
20/08/11 00:26:24 drbd1            0.00    0.00      0.00      0.00     0.00     0.00   0.00   0.00    0.00    0.00   0.00     0.00     0.00   0.00   0.00
20/08/11 00:26:25 drbd1            0.00    0.00      0.00      0.00     0.00     0.00   0.00   0.00    0.00    0.00   0.00     0.00     0.00   0.00   0.00
20/08/11 00:26:26 drbd1            0.00    0.00      0.00      0.00     0.00     0.00   0.00   0.00    0.00    0.00   0.00     0.00     0.00   0.00   0.00
20/08/11 00:26:27 drbd1            0.00    0.00      0.00      0.00     0.00     0.00   0.00   0.00    0.00    0.00   0.00     0.00     0.00   0.00   0.00
20/08/11 00:26:28 drbd1            0.00    0.00      0.00      0.00     0.00     0.00   0.00   0.00    0.00    0.00   0.00     0.00     0.00   0.00   0.00
20/08/11 00:26:29 drbd1            0.00    0.00      0.00      0.00     0.00     0.00   0.00   0.00    0.00    0.00   0.00     0.00     0.00   0.00   0.00
20/08/11 00:26:30 drbd1            0.00    0.00      0.00      0.00     0.00     0.00   0.00   0.00    0.00    0.00   0.00     0.00     0.00   0.00   0.00
20/08/11 00:26:31 drbd1            0.00    0.00      0.00      0.00     0.00     0.00   0.00   0.00    0.00    0.00   0.00     0.00     0.00   0.00   0.00
20/08/11 00:26:32 drbd1            0.00    0.00      0.00      0.00     0.00     0.00   0.00   0.00    0.00    0.00   0.00     0.00     0.00   0.00   0.00
20/08/11 00:26:33 drbd1            0.00    0.00      0.00      0.00     0.00     0.00   0.00   0.00    0.00    0.00   0.00     0.00     0.00   0.00   0.00
20/08/11 00:26:34 drbd1            0.00    0.00      0.00      0.00     0.00     0.00   0.00   0.00    0.00    0.00   0.00     0.00     0.00   0.00   0.00
20/08/11 00:26:35 drbd1            0.00    0.00      0.00      0.00     0.00     0.00   0.00   0.00    0.00    0.00   0.00     0.00     0.00   0.00   0.00
20/08/11 00:26:36 drbd1            0.00    0.00      0.00      0.00     0.00     0.00   0.00   0.00    0.00    0.00   0.00     0.00     0.00   0.00   0.00
20/08/11 00:26:37 drbd1            0.00    0.00      0.00      0.00     0.00     0.00   0.00   0.00    0.00    0.00   0.00     0.00     0.00   0.00   0.00
20/08/11 00:26:38 drbd1            0.00    0.00      0.00      0.00     0.00     0.00   0.00   0.00    0.00    0.00   0.00     0.00     0.00   0.00   0.00
20/08/11 00:26:39 drbd1            0.00    0.00      0.00      0.00     0.00     0.00   0.00   0.00    0.00    0.00   0.00     0.00     0.00   0.00   0.00
20/08/11 00:26:40 drbd1            0.00    0.00      0.00      0.00     0.00     0.00   0.00   0.00    0.00    0.00   0.00     0.00     0.00   0.00   0.00
20/08/11 00:26:41 drbd1            0.00    0.00      0.00      0.00     0.00     0.00   0.00   0.00    0.00    0.00   0.00     0.00     0.00   0.00   0.00
20/08/11 00:26:42 drbd1            0.00    0.00      0.00      0.00     0.00     0.00   0.00   0.00    0.00    0.00   0.00     0.00     0.00   0.00   0.00
20/08/11 00:26:43 drbd1            0.00    0.00      0.00      0.00     0.00     0.00   0.00   0.00    0.00    0.00   0.00     0.00     0.00   0.00   0.00
20/08/11 00:26:44 drbd1            0.00    0.00      0.00      0.00     0.00     0.00   0.00   0.00    0.00    0.00   0.00     0.00     0.00   0.00   0.00
20/08/11 00:26:45 drbd1            0.00    0.00      0.00      0.00     0.00     0.00   0.00   0.00    0.00    0.00   0.00     0.00     0.00   0.00   0.00
20/08/11 00:26:46 drbd1            0.00    0.00      0.00      0.00     0.00     0.00   0.00   0.00    0.00    0.00   0.00     0.00     0.00   0.00   0.00
20/08/11 00:26:47 drbd1            0.00    0.00      0.00      0.00     0.00     0.00   0.00   0.00    0.00    0.00   0.00     0.00     0.00   0.00   0.00
20/08/11 00:26:48 drbd1            0.00    0.00      0.00      0.00     0.00     0.00   0.00   0.00    0.00    0.00   0.00     0.00     0.00   0.00   0.00
20/08/11 00:26:49 drbd1            0.00    0.00      0.00      0.00     0.00     0.00   0.00   0.00    0.00    0.00   0.00     0.00     0.00   0.00   0.00
20/08/11 00:26:50 drbd1            0.00    0.00      0.00      0.00     0.00     0.00   0.00   0.00    0.00    0.00   0.00     0.00     0.00   0.00   0.00
20/08/11 00:26:51 drbd1            0.00    0.00      0.00      0.00     0.00     0.00   0.00   0.00    0.00    0.00   0.00     0.00     0.00   0.00   0.00
20/08/11 00:26:52 drbd1            0.00    0.00      0.00      0.00     0.00     0.00   0.00   0.00    0.00    0.00   0.00     0.00     0.00   0.00   0.00
20/08/11 00:26:53 drbd1            0.00    0.00      0.00      0.00     0.00     0.00   0.00   0.00    0.00    0.00   0.00     0.00     0.00   0.00   0.00
20/08/11 00:26:54 drbd1            0.00    0.00      0.00      0.00     0.00     0.00   0.00   0.00    0.00    0.00   0.00     0.00     0.00   0.00   0.00
20/08/11 00:26:55 drbd1            0.00    0.00      0.00      0.00     0.00     0.00   0.00   0.00    0.00    0.00   0.00     0.00     0.00   0.00   0.00
20/08/11 00:26:56 drbd1            0.00    0.00      0.00      0.00     0.00     0.00   0.00   0.00    0.00    0.00   0.00     0.00     0.00   0.00   0.00
20/08/11 00:26:57 drbd1            0.00    0.00      0.00      0.00     0.00     0.00   0.00   0.00    0.00    0.00   0.00     0.00     0.00   0.00   0.00
20/08/11 00:26:58 drbd1            0.00    0.00      0.00      0.00     0.00     0.00   0.00   0.00    0.00    0.00   0.00     0.00     0.00   0.00   0.00
20/08/11 00:26:59 drbd1            0.00    0.00      0.00      0.00     0.00     0.00   0.00   0.00    0.00    0.00   0.00     0.00     0.00   0.00   0.00
20/08/11 00:27:00 drbd1            0.00    0.00      0.00      0.00     0.00     0.00   0.00   0.00    0.00    0.00   0.00     0.00     0.00   0.00   0.00
20/08/11 00:27:01 drbd1            0.00    0.00      0.00      0.00     0.00     0.00   0.00   0.00    0.00    0.00   0.00     0.00     0.00   0.00   0.00
20/08/11 00:27:02 drbd1            0.00    0.00      0.00      0.00     0.00     0.00   0.00   0.00    0.00    0.00   0.00     0.00     0.00   0.00   0.00
20/08/11 00:27:03 drbd1            0.00    0.00      0.00      0.00     0.00     0.00   0.00   0.00    0.00    0.00   0.00     0.00     0.00   0.00   0.00
20/08/11 00:27:04 drbd1            0.00    0.00      0.00      0.00     0.00     0.00   0.00   0.00    0.00    0.00   0.00     0.00     0.00   0.00   0.00
20/08/11 00:27:05 drbd1            0.00    0.00      0.00      0.00     0.00     0.00   0.00   0.00    0.00    0.00   0.00     0.00     0.00   0.00   0.00
20/08/11 00:27:06 drbd1            0.00    0.00      0.00      0.00     0.00     0.00   0.00   0.00    0.00    0.00   0.00     0.00     0.00   0.00   0.00
20/08/11 00:27:07 drbd1            0.00    0.00      0.00      0.00     0.00     0.00   0.00   0.00    0.00    0.00   0.00     0.00     0.00   0.00   0.00
20/08/11 00:27:08 drbd1            0.00    0.00      0.00      0.00     0.00     0.00   0.00   0.00    0.00    0.00   0.00     0.00     0.00   0.00   0.00
20/08/11 00:27:09 drbd1            0.00    0.00      0.00      0.00     0.00     0.00   0.00   0.00    0.00    0.00   0.00     0.00     0.00   0.00   0.00
20/08/11 00:27:10 drbd1            0.00    0.00      0.00      0.00     0.00     0.00   0.00   0.00    0.00    0.00   0.00     0.00     0.00   0.00   0.00
20/08/11 00:27:11 drbd1            0.00    0.00      0.00      0.00     0.00     0.00   0.00   0.00    0.00    0.00   0.00     0.00     0.00   0.00   0.00
20/08/11 00:27:12 drbd1            0.00    0.00      0.00      0.00     0.00     0.00   0.00   0.00    0.00    0.00   0.00     0.00     0.00   0.00   0.00
20/08/11 00:27:13 drbd1            0.00    0.00      0.00      0.00     0.00     0.00   0.00   0.00    0.00    0.00   0.00     0.00     0.00   0.00   0.00
20/08/11 00:27:14 drbd1            0.00    0.00      0.00      0.00     0.00     0.00   0.00   0.00    0.00    0.00   0.00     0.00     0.00   0.00   0.00
20/08/11 00:27:15 drbd1            0.00    0.00      0.00      0.00     0.00     0.00   0.00   0.00    0.00    0.00   0.00     0.00     0.00   0.00   0.00
20/08/11 00:27:16 drbd1            0.00    0.00      0.00      0.00     0.00     0.00   0.00   0.00    0.00    0.00   0.00     0.00     0.00   0.00   0.00
20/08/11 00:27:17 drbd1            0.00    0.00      0.00      0.00     0.00     0.00   0.00   0.00    0.00    0.00   0.00     0.00     0.00   0.00   0.00
20/08/11 00:27:18 drbd1            0.00    0.00      0.00      0.00     0.00     0.00   0.00   0.00    0.00    0.00   0.00     0.00     0.00   0.00   0.00
20/08/11 00:27:19 drbd1            0.00    0.00      0.00      0.00     0.00     0.00   0.00   0.00    0.00    0.00   0.00     0.00     0.00   0.00   0.00
20/08/11 00:27:20 drbd1            0.00    0.00      0.00      0.00     0.00     0.00   0.00   0.00    0.00    0.00   0.00     0.00     0.00   0.00   0.00
20/08/11 00:27:21 drbd1            0.00    0.00      0.00      0.00     0.00     0.00   0.00   0.00    0.00    0.00   0.00     0.00     0.00   0.00   0.00
20/08/11 00:27:22 drbd1            0.00    0.00      0.00      0.00     0.00     0.00   0.00   0.00    0.00    0.00   0.00     0.00     0.00   0.00   0.00
20/08/11 00:27:23 drbd1            0.00    0.00      0.00      0.00     0.00     0.00   0.00   0.00    0.00    0.00   0.00     0.00     0.00   0.00   0.00
20/08/11 00:27:24 drbd1            0.00    0.00      0.00      0.00     0.00     0.00   0.00   0.00    0.00    0.00   0.00     0.00     0.00   0.00   0.00
20/08/11 00:27:25 drbd1            0.00    0.00      0.00      0.00     0.00     0.00   0.00   0.00    0.00    0.00   0.00     0.00     0.00   0.00   0.00
20/08/11 00:27:26 drbd1            0.00    0.00      0.00      0.00     0.00     0.00   0.00   0.00    0.00    0.00   0.00     0.00     0.00   0.00   0.00
20/08/11 00:27:27 drbd1            0.00    0.00      0.00      0.00     0.00     0.00   0.00   0.00    0.00    0.00   0.00     0.00     0.00   0.00   0.00
20/08/11 00:27:28 drbd1            0.00    0.00      0.00      0.00     0.00     0.00   0.00   0.00    0.00    0.00   0.00     0.00     0.00   0.00   0.00
20/08/11 00:27:29 drbd1            0.00    0.00      0.00      0.00     0.00     0.00   0.00   0.00    0.00    0.00   0.00     0.00     0.00   0.00   0.00
20/08/11 00:27:30 drbd1            0.00    0.00      0.00      0.00     0.00     0.00   0.00   0.00    0.00    0.00   0.00     0.00     0.00   0.00   0.00
20/08/11 00:27:31 drbd1            0.00    0.00      0.00      0.00     0.00     0.00   0.00   0.00    0.00    0.00   0.00     0.00     0.00   0.00   0.00
20/08/11 00:27:32 drbd1            0.00    0.00      0.00      0.00     0.00     0.00   0.00   0.00    0.00    0.00   0.00     0.00     0.00   0.00   0.00
20/08/11 00:27:33 drbd1            0.00    0.00      0.00      0.00     0.00     0.00   0.00   0.00    0.00    0.00   0.00     0.00     0.00   0.00   0.00
20/08/11 00:27:34 drbd1            0.00    0.00      0.00      0.00     0.00     0.00   0.00   0.00    0.00    0.00   0.00     0.00     0.00   0.00   0.00
20/08/11 00:27:35 drbd1            0.00    0.00      0.00      0.00     0.00     0.00   0.00   0.00    0.00    0.00   0.00     0.00     0.00   0.00   0.00
20/08/11 00:27:36 drbd1            0.00    0.00      0.00      0.00     0.00     0.00   0.00   0.00    0.00    0.00   0.00     0.00     0.00   0.00   0.00
20/08/11 00:27:37 drbd1            0.00    0.00      0.00      0.00     0.00     0.00   0.00   0.00    0.00    0.00   0.00     0.00     0.00   0.00   0.00
20/08/11 00:27:38 drbd1            0.00    0.00      0.00      0.00     0.00     0.00   0.00   0.00    0.00    0.00   0.00     0.00     0.00   0.00   0.00
20/08/11 00:27:39 drbd1            0.00    0.00      0.00      0.00     0.00     0.00   0.00   0.00    0.00    0.00   0.00     0.00     0.00   0.00   0.00
20/08/11 00:27:40 drbd1            0.00    0.00      0.00      0.00     0.00     0.00   0.00   0.00    0.00    0.00   0.00     0.00     0.00   0.00   0.00
20/08/11 00:27:41 drbd1            0.00    0.00      0.00      0.00     0.00     0.00   0.00   0.00    0.00    0.00   0.00     0.00     0.00   0.00   0.00
20/08/11 00:27:42 drbd1            0.00    0.00      0.00      0.00     0.00     0.00   0.00   0.00    0.00    0.00   0.00     0.00     0.00   0.00   0.00
20/08/11 00:27:43 drbd1            0.00    0.00      0.00      0.00     0.00     0.00   0.00   0.00    0.00    0.00   0.00     0.00     0.00   0.00   0.00
20/08/11 00:27:44 drbd1            0.00    0.00      0.00      0.00     0.00     0.00   0.00   0.00    0.00    0.00   0.00     0.00     0.00   0.00   0.00
20/08/11 00:27:45 drbd1            0.00    0.00      0.00      0.00     0.00     0.00   0.00   0.00    0.00    0.00   0.00     0.00     0.00   0.00   0.00
20/08/11 00:27:46 drbd1            0.00    0.00      0.00      0.00     0.00     0.00   0.00   0.00    0.00    0.00   0.00     0.00     0.00   0.00   0.00
20/08/11 00:27:47 drbd1            0.00    0.00      0.00      0.00     0.00     0.00   0.00   0.00    0.00    0.00   0.00     0.00     0.00   0.00   0.00
20/08/11 00:27:48 drbd1            0.00    0.00      0.00      0.00     0.00     0.00   0.00   0.00    0.00    0.00   0.00     0.00     0.00   0.00   0.00
20/08/11 00:27:49 drbd1            0.00    0.00      0.00      0.00     0.00     0.00   0.00   0.00    0.00    0.00   0.00     0.00     0.00   0.00   0.00
20/08/11 00:27:50 drbd1            0.00    0.00      0.00      0.00     0.00     0.00   0.00   0.00    0.00    0.00   0.00     0.00     0.00   0.00   0.00
20/08/11 00:27:51 drbd1            0.00    0.00      0.00      0.00     0.00     0.00   0.00   0.00    0.00    0.00   0.00     0.00     0.00   0.00   0.00
20/08/11 00:27:52 drbd1            0.00    0.00      0.00      0.00     0.00     0.00   0.00   0.00    0.00    0.00   0.00     0.00     0.00   0.00   0.00
20/08/11 00:27:53 drbd1            0.00    0.00      0.00      0.00     0.00     0.00   0.00   0.00    0.00    0.00   0.00     0.00     0.00   0.00   0.00
20/08/11 00:27:54 drbd1            0.00    0.00      0.00      0.00     0.00     0.00   0.00   0.00    0.00    0.00   0.00     0.00     0.00   0.00   0.00
20/08/11 00:27:55 drbd1            0.00    0.00      0.00      0.00     0.00     0.00   0.00   0.00    0.00    0.00   0.00     0.00     0.00   0.00   0.00
20/08/11 00:27:56 drbd1            0.00    0.00      0.00      0.00     0.00     0.00   0.00   0.00    0.00    0.00   0.00     0.00     0.00   0.00   0.00
20/08/11 00:27:57 drbd1            0.00    0.00      0.00      0.00     0.00     0.00   0.00   0.00    0.00    0.00   0.00     0.00     0.00   0.00   0.00
20/08/11 00:27:58 drbd1            0.00    0.00      0.00      0.00     0.00     0.00   0.00   0.00    0.00    0.00   0.00     0.00     0.00   0.00   0.00
20/08/11 00:27:59 drbd1            0.00    0.00      0.00      0.00     0.00     0.00   0.00   0.00    0.00    0.00   0.00     0.00     0.00   0.00   0.00
20/08/11 00:28:00 drbd1            0.00    0.00      0.00      0.00     0.00     0.00   0.00   0.00    0.00    0.00   0.00     0.00     0.00   0.00   0.00
20/08/11 00:28:01 drbd1            0.00    0.00      0.00      0.00     0.00     0.00   0.00   0.00    0.00    0.00   0.00     0.00     0.00   0.00   0.00
20/08/11 00:28:02 drbd1            0.00    0.00      0.00      0.00     0.00     0.00   0.00   0.00    0.00    0.00   0.00     0.00     0.00   0.00   0.00
20/08/11 00:28:03 drbd1            0.00    0.00      0.00      0.00     0.00     0.00   0.00   0.00    0.00    0.00   0.00     0.00     0.00   0.00   0.00
20/08/11 00:28:04 drbd1            0.00    0.00      0.00      0.00     0.00     0.00   0.00   0.00    0.00    0.00   0.00     0.00     0.00   0.00   0.00
20/08/11 00:28:05 drbd1            0.00    0.00      0.00      0.00     0.00     0.00   0.00   0.00    0.00    0.00   0.00     0.00     0.00   0.00   0.00
20/08/11 00:28:06 drbd1            0.00    0.00      0.00      0.00     0.00     0.00   0.00   0.00    0.00    0.00   0.00     0.00     0.00   0.00   0.00
20/08/11 00:28:07 drbd1            0.00    0.00      0.00      0.00     0.00     0.00   0.00   0.00    0.00    0.00   0.00     0.00     0.00   0.00   0.00
20/08/11 00:28:08 drbd1            0.00    0.00      0.00      0.00     0.00     0.00   0.00   0.00    0.00    0.00   0.00     0.00     0.00   0.00   0.00
20/08/11 00:28:09 drbd1            0.00    0.00      0.00      0.00     0.00     0.00   0.00   0.00    0.00    0.00   0.00     0.00     0.00   0.00   0.00
20/08/11 00:28:10 drbd1            0.00    0.00      0.00      0.00     0.00     0.00   0.00   0.00    0.00    0.00   0.00     0.00     0.00   0.00   0.00
20/08/11 00:28:11 drbd1            0.00    0.00      0.00      0.00     0.00     0.00   0.00   0.00    0.00    0.00   0.00     0.00     0.00   0.00   0.00
20/08/11 00:28:12 drbd1            0.00    0.00      0.00      0.00     0.00     0.00   0.00   0.00    0.00    0.00   0.00     0.00     0.00   0.00   0.00
20/08/11 00:28:13 drbd1            0.00    0.00      0.00      0.00     0.00     0.00   0.00   0.00    0.00    0.00   0.00     0.00     0.00   0.00   0.00
20/08/11 00:28:14 drbd1            0.00    0.00      0.00      0.00     0.00     0.00   0.00   0.00    0.00    0.00   0.00     0.00     0.00   0.00   0.00
20/08/11 00:28:15 drbd1            0.00    0.00      0.00      0.00     0.00     0.00   0.00   0.00    0.00    0.00   0.00     0.00     0.00   0.00   0.00
20/08/11 00:28:16 drbd1            0.00    0.00      0.00      0.00     0.00     0.00   0.00   0.00    0.00    0.00   0.00     0.00     0.00   0.00   0.00
20/08/11 00:28:17 drbd1            0.00    0.00      0.00      0.00     0.00     0.00   0.00   0.00    0.00    0.00   0.00     0.00     0.00   0.00   0.00
20/08/11 00:28:18 drbd1            0.00    0.00      0.00      0.00     0.00     0.00   0.00   0.00    0.00    0.00   0.00     0.00     0.00   0.00   0.00
20/08/11 00:28:19 drbd1            0.00    0.00      0.00      0.00     0.00     0.00   0.00   0.00    0.00    0.00   0.00     0.00     0.00   0.00   0.00
20/08/11 00:28:20 drbd1            0.00    0.00      0.00      0.00     0.00     0.00   0.00   0.00    0.00    0.00   0.00     0.00     0.00   0.00   0.00
20/08/11 00:28:21 drbd1            0.00    0.00      0.00      0.00     0.00     0.00   0.00   0.00    0.00    0.00   0.00     0.00     0.00   0.00   0.00
20/08/11 00:28:22 drbd1            0.00    0.00      0.00      0.00     0.00     0.00   0.00   0.00    0.00    0.00   0.00     0.00     0.00   0.00   0.00
20/08/11 00:28:23 drbd1            0.00    0.00      0.00      0.00     0.00     0.00   0.00   0.00    0.00    0.00   0.00     0.00     0.00   0.00   0.00
20/08/11 00:28:24 drbd1            0.00    0.00      0.00      0.00     0.00     0.00   0.00   0.00    0.00    0.00   0.00     0.00     0.00   0.00   0.00
20/08/11 00:28:25 drbd1            0.00    0.00      0.00      0.00     0.00     0.00   0.00   0.00    0.00    0.00   0.00     0.00     0.00   0.00   0.00
20/08/11 00:28:26 drbd1            0.00    0.00      0.00      0.00     0.00     0.00   0.00   0.00    0.00    0.00   0.00     0.00     0.00   0.00   0.00
20/08/11 00:28:27 drbd1            0.00    0.00      0.00      0.00     0.00     0.00   0.00   0.00    0.00    0.00   0.00     0.00     0.00   0.00   0.00
20/08/11 00:28:28 drbd1            0.00    0.00      0.00      0.00     0.00     0.00   0.00   0.00    0.00    0.00   0.00     0.00     0.00   0.00   0.00
20/08/11 00:28:29 drbd1            0.00    0.00      0.00      0.00     0.00     0.00   0.00   0.00    0.00    0.00   0.00     0.00     0.00   0.00   0.00
20/08/11 00:28:30 drbd1            0.00    0.00      0.00      0.00     0.00     0.00   0.00   0.00    0.00    0.00   0.00     0.00     0.00   0.00   0.00
20/08/11 00:28:31 drbd1            0.00    0.00      0.00      0.00     0.00     0.00   0.00   0.00    0.00    0.00   0.00     0.00     0.00   0.00   0.00
20/08/11 00:28:32 drbd1            0.00    0.00      0.00      0.00     0.00     0.00   0.00   0.00    0.00    0.00   0.00     0.00     0.00   0.00   0.00
20/08/11 00:28:33 drbd1            0.00    0.00      0.00      0.00     0.00     0.00   0.00   0.00    0.00    0.00   0.00     0.00     0.00   0.00   0.00
20/08/11 00:28:34 drbd1            0.00    0.00      0.00      0.00     0.00     0.00   0.00   0.00    0.00    0.00   0.00     0.00     0.00   0.00   0.00
20/08/11 00:28:35 drbd1            0.00    0.00      0.00      0.00     0.00     0.00   0.00   0.00    0.00    0.00   0.00     0.00     0.00   0.00   0.00
20/08/11 00:28:36 drbd1            0.00    0.00      0.00      0.00     0.00     0.00   0.00   0.00    0.00    0.00   0.00     0.00     0.00   0.00   0.00
20/08/11 00:28:37 drbd1            0.00    0.00      0.00      0.00     0.00     0.00   0.00   0.00    0.00    0.00   0.00     0.00     0.00   0.00   0.00
20/08/11 00:28:38 drbd1            0.00    0.00      0.00      0.00     0.00     0.00   0.00   0.00    0.00    0.00   0.00     0.00     0.00   0.00   0.00
20/08/11 00:28:39 drbd1            0.00    0.00      0.00      0.00     0.00     0.00   0.00   0.00    0.00    0.00   0.00     0.00     0.00   0.00   0.00
20/08/11 00:28:40 drbd1            0.00    0.00      0.00      0.00     0.00     0.00   0.00   0.00    0.00    0.00   0.00     0.00     0.00   0.00   0.00
20/08/11 00:28:41 drbd1            0.00    0.00      0.00      0.00     0.00     0.00   0.00   0.00    0.00    0.00   0.00     0.00     0.00   0.00   0.00
20/08/11 00:28:42 drbd1            0.00    0.00      0.00      0.00     0.00     0.00   0.00   0.00    0.00    0.00   0.00     0.00     0.00   0.00   0.00
20/08/11 00:28:43 drbd1            0.00    0.00      0.00      0.00     0.00     0.00   0.00   0.00    0.00    0.00   0.00     0.00     0.00   0.00   0.00
20/08/11 00:28:44 drbd1            0.00    0.00      0.00      0.00     0.00     0.00   0.00   0.00    0.00    0.00   0.00     0.00     0.00   0.00   0.00
20/08/11 00:28:45 drbd1            0.00    0.00      0.00      0.00     0.00     0.00   0.00   0.00    0.00    0.00   0.00     0.00     0.00   0.00   0.00
20/08/11 00:28:46 drbd1            0.00    0.00      0.00      0.00     0.00     0.00   0.00   0.00    0.00    0.00   0.00     0.00     0.00   0.00   0.00
20/08/11 00:28:47 drbd1            0.00    0.00      0.00      0.00     0.00     0.00   0.00   0.00    0.00    0.00   0.00     0.00     0.00   0.00   0.00
20/08/11 00:28:48 drbd1            0.00    0.00      0.00      0.00     0.00     0.00   0.00   0.00    0.00    0.00   0.00     0.00     0.00   0.00   0.00
20/08/11 00:28:49 drbd1            0.00    0.00      0.00      0.00     0.00     0.00   0.00   0.00    0.00    0.00   0.00     0.00     0.00   0.00   0.00
20/08/11 00:28:50 drbd1            0.00    0.00      0.00      0.00     0.00     0.00   0.00   0.00    0.00    0.00   0.00     0.00     0.00   0.00  