20/08/11 00:29:55 xvdd             0.05    0.00      0.00      0.00     0.00     0.00   0.00   0.00    0.29    0.00   0.00    20.26     0.00   0.26   0.00
20/08/11 00:29:56 xvdd             0.00    0.00      0.00      0.00     0.00     0.00   0.00   0.00    0.00    0.00   0.00     0.00     0.00   0.00   0.00
20/08/11 00:29:57 xvdd             0.00    0.00      0.00      0.00     0.00     0.00   0.00   0.00    0.00    0.00   0.00     0.00     0.00   0.00   0.00
20/08/11 00:29:58 xvdd             0.00    0.00      0.00      0.00     0.00     0.00   0.00   0.00    0.00    0.00   0.00     0.00     0.00   0.00   0.00
20/08/11 00:29:59 xvdd             0.00    0.00      0.00      0.00     0.00     0.00   0.00   0.00    0.00    0.00   0.00     0.00     0.00   0.00   0.00
20/08/11 00:30:00 xvdd             0.00    0.00      0.00      0.00     0.00     0.00   0.00   0.00    0.00    0.00   0.00     0.00     0.00   0.00   0.00
20/08/11 00:30:01 xvdd             0.00    0.00      0.00      0.00     0.00     0.00   0.00   0.00    0.00    0.00   0.00     0.00     0.00   0.00   0.00
20/08/11 00:30:02 xvdd             0.00    0.00      0.00      0.00     0.00     0.00   0.00   0.00    0.00    0.00   0.00     0.00     0.00   0.00   0.00
20/08/11 00:30:03 xvdd             0.00    0.00      0.00      0.00     0.00     0.00   0.00   0.00    0.00    0.00   0.00     0.00     0.00   0.00   0.00
20/08/11 00:30:04 xvdd             0.00    0.00      0.00      0.00     0.00     0.00   0.00   0.00    0.00    0.00   0.00     0.00     0.00   0.00   0.00
20/08/11 00:30:05 xvdd             0.00    0.00      0.00      0.00     0.00     0.00   0.00   0.00    0.00    0.00   0.00     0.00     0.00   0.00   0.00
20/08/11 00:30:06 xvdd             0.00    0.00      0.00      0.00     0.00     0.00   0.00   0.00    0.00    0.00   0.00     0.00     0.00   0.00   0.00
20/08/11 00:30:07 xvdd             0.00    0.00      0.00      0.00     0.00     0.00   0.00   0.00    0.00    0.00   0.00     0.00     0.00   0.00   0.00
20/08/11 00:30:08 xvdd             0.00    0.00      0.00      0.00     0.00     0.00   0.00   0.00    0.00    0.00   0.00     0.00     0.00   0.00   0.00
20/08/11 00:30:09 xvdd             0.00    0.00      0.00      0.00     0.00     0.00   0.00   0.00    0.00    0.00   0.00     0.00     0.00   0.00   0.00
20/08/11 00:30:10 xvdd             0.00    0.00      0.00      0.00     0.00     0.00   0.00   0.00    0.00    0.00   0.00     0.00     0.00   0.00   0.00
20/08/11 00:30:11 xvdd             0.00    0.00      0.00      0.00     0.00     0.00   0.00   0.00    0.00    0.00   0.00     0.00     0.00   0.00   0.00
20/08/11 00:30:12 xvdd             0.00    0.00      0.00      0.00     0.00     0.00   0.00   0.00    0.00    0.00   0.00     0.00     0.00   0.00   0.00
20/08/11 00:30:13 xvdd             0.00    0.00      0.00      0.00     0.00     0.00   0.00   0.00    0.00    0.00   0.00     0.00     0.00   0.00   0.00
20/08/11 00:30:14 xvdd             0.00    0.00      0.00      0.00     0.00     0.00   0.00   0.00    0.00    0.00   0.00     0.00     0.00   0.00   0.00
20/08/11 00:30:15 xvdd             0.00    0.00      0.00      0.00     0.00     0.00   0.00   0.00    0.00    0.00   0.00     0.00     0.00   0.00   0.00
20/08/11 00:30:16 xvdd            51.00  660.00      1.03     82.50     0.00     0.00   0.00   0.00    0.39    2.83   1.54    20.63   128.00   0.37  26.10
20/08/11 00:30:17 xvdd             0.00  489.00      0.00     61.12     0.00     0.00   0.00   0.00    0.00    9.06   4.23     0.00   128.00   1.02  49.80
20/08/11 00:30:18 xvdd             0.00  488.00      0.00     61.00     0.00     0.00   0.00   0.00    0.00    9.05   4.21     0.00   128.00   1.02  49.60
20/08/11 00:30:19 xvdd             0.00  489.00      0.00     61.12     0.00     0.00   0.00   0.00    0.00    9.07   4.25     0.00   128.00   1.02  49.80
20/08/11 00:30:20 xvdd             0.00  488.00      0.00     61.00     0.00     0.00   0.00   0.00    0.00    9.07   4.23     0.00   128.00   1.02  49.70
20/08/11 00:30:21 xvdd             0.00  489.00      0.00     61.12     0.00     0.00   0.00   0.00    0.00    9.07   4.25     0.00   128.00   1.01  49.60
20/08/11 00:30:22 xvdd             0.00  488.00      0.00     61.00     0.00     0.00   0.00   0.00    0.00    9.06   4.23     0.00   128.00   1.01  49.50
20/08/11 00:30:23 xvdd             0.00  489.00      0.00     61.12     0.00     0.00   0.00   0.00    0.00    9.09   4.24     0.00   128.00   1.02  49.70
20/08/11 00:30:24 xvdd             0.00  488.00      0.00     61.00     0.00     0.00   0.00   0.00    0.00    9.06   4.22     0.00   128.00   1.02  49.70
20/08/11 00:30:25 xvdd             0.00  488.00      0.00     61.00     0.00     0.00   0.00   0.00    0.00    9.05   4.22     0.00   128.00   1.01  49.50
20/08/11 00:30:26 xvdd             0.00  489.00      0.00     61.12     0.00     0.00   0.00   0.00    0.00    9.04   4.21     0.00   128.00   1.02  49.70
20/08/11 00:30:27 xvdd             0.00  489.00      0.00     61.12     0.00     0.00   0.00   0.00    0.00    9.05   4.23     0.00   128.00   1.01  49.60
20/08/11 00:30:28 xvdd             0.00  488.00      0.00     61.00     0.00     0.00   0.00   0.00    0.00    9.05   4.22     0.00   128.00   1.02  49.90
20/08/11 00:30:29 xvdd             0.00  489.00      0.00     61.12     0.00     0.00   0.00   0.00    0.00    9.04   4.22     0.00   128.00   1.01  49.60
20/08/11 00:30:30 xvdd             0.00  488.00      0.00     61.00     0.00     0.00   0.00   0.00    0.00    9.06   4.22     0.00   128.00   1.02  49.70
20/08/11 00:30:31 xvdd             0.00  489.00      0.00     61.12     0.00     0.00   0.00   0.00    0.00    9.05   4.22     0.00   128.00   1.01  49.40
20/08/11 00:30:32 xvdd            51.00  488.00      1.03     61.00     0.00     0.00   0.00   0.00    0.41    6.97   3.19    20.63   128.00   0.75  40.20
20/08/11 00:30:33 xvdd             0.00  489.00      0.00     61.12     0.00     0.00   0.00   0.00    0.00    9.04   4.21     0.00   128.00   1.01  49.60
20/08/11 00:30:34 xvdd             0.00  488.00      0.00     61.00     0.00     0.00   0.00   0.00    0.00    9.07   4.22     0.00   128.00   1.01  49.50
20/08/11 00:30:35 xvdd             0.00  488.00      0.00     61.00     0.00     0.00   0.00   0.00    0.00    9.08   4.23     0.00   128.00   1.01  49.40
20/08/11 00:30:36 xvdd             0.00  489.00      0.00     61.12     0.00     0.00   0.00   0.00    0.00    9.06   4.23     0.00   128.00   1.03  50.20
20/08/11 00:30:37 xvdd             0.00  488.00      0.00     61.00     0.00     0.00   0.00   0.00    0.00    9.05   4.19     0.00   128.00   1.01  49.30
20/08/11 00:30:38 xvdd             0.00  489.00      0.00     61.12     0.00     0.00   0.00   0.00    0.00    9.10   4.26     0.00   128.00   1.01  49.20
20/08/11 00:30:39 xvdd             0.00  488.00      0.00     61.00     0.00     0.00   0.00   0.00    0.00    9.08   4.24     0.00   128.00   1.02  49.80
20/08/11 00:30:40 xvdd             0.00  489.00      0.00     61.12     0.00     0.00   0.00   0.00    0.00    9.02   4.21     0.00   128.00   1.01  49.60
20/08/11 00:30:41 xvdd             0.00  488.00      0.00     61.00     0.00     0.00   0.00   0.00    0.00    9.03   4.20     0.00   128.00   1.02  49.70
20/08/11 00:30:42 xvdd             0.00  489.00      0.00     61.12     0.00     0.00   0.00   0.00    0.00    9.03   4.21     0.00   128.00   1.02  49.80
20/08/11 00:30:43 xvdd             0.00  488.00      0.00     61.00     0.00     0.00   0.00   0.00    0.00    9.03   4.21     0.00   128.00   1.03  50.10
20/08/11 00:30:44 xvdd             0.00  489.00      0.00     61.12     0.00     0.00   0.00   0.00    0.00    9.06   4.24     0.00   128.00   1.01  49.60
20/08/11 00:30:45 xvdd             0.00  488.00      0.00     61.00     0.00     0.00   0.00   0.00    0.00    9.08   4.24     0.00   128.00   1.01  49.30
20/08/11 00:30:46 xvdd             0.00  489.00      0.00     61.12     0.00     0.00   0.00   0.00    0.00    8.96   4.18     0.00   128.00   1.00  48.80
20/08/11 00:30:47 xvdd             0.00  488.00      0.00     61.00     0.00     0.00   0.00   0.00    0.00    9.13   4.25     0.00   128.00   0.99  48.30
20/08/11 00:30:48 xvdd             0.00  489.00      0.00     61.12     0.00     0.00   0.00   0.00    0.00    9.04   4.21     0.00   128.00   1.02  49.70
20/08/11 00:30:49 xvdd            51.00  488.00      1.03     61.00     0.00     0.00   0.00   0.00    0.27    4.43   1.93    20.63   128.00   0.70  37.80
20/08/11 00:30:50 xvdd             0.00  484.16      0.00     60.52     0.00     0.00   0.00   0.00    0.00    5.03   2.22     0.00   128.00   1.00  48.51
20/08/11 00:30:51 xvdd             0.00  488.00      0.00     61.00     0.00     0.00   0.00   0.00    0.00    5.02   2.23     0.00   128.00   1.00  49.00
20/08/11 00:30:52 xvdd             0.00  489.00      0.00     61.12     0.00     0.00   0.00   0.00    0.00    5.02   2.22     0.00   128.00   1.00  49.00
20/08/11 00:30:53 xvdd             0.00  488.00      0.00     61.00     0.00     0.00   0.00   0.00    0.00    5.03   2.24     0.00   128.00   1.00  49.00
20/08/11 00:30:54 xvdd             0.00  488.00      0.00     61.00     0.00     0.00   0.00   0.00    0.00    5.03   2.22     0.00   128.00   1.00  49.00
20/08/11 00:30:55 xvdd             0.00  488.00      0.00     61.00     0.00     0.00   0.00   0.00    0.00    5.01   2.22     0.00   128.00   1.01  49.40
20/08/11 00:30:56 xvdd             0.00  489.00      0.00     61.12     0.00     0.00   0.00   0.00    0.00    5.02   2.24     0.00   128.00   1.01  49.40
20/08/11 00:30:57 xvdd             0.00  488.00      0.00     61.00     0.00     0.00   0.00   0.00    0.00    5.00   2.21     0.00   128.00   1.00  49.00
20/08/11 00:30:58 xvdd             0.00  489.00      0.00     61.12     0.00     0.00   0.00   0.00    0.00    5.04   2.25     0.00   128.00   1.00  48.80
20/08/11 00:30:59 xvdd             0.00  488.00      0.00     61.00     0.00     0.00   0.00   0.00    0.00    5.03   2.27     0.00   128.00   1.00  49.00
20/08/11 00:31:00 xvdd             0.00  489.00      0.00     61.12     0.00     0.00   0.00   0.00    0.00    5.00   2.21     0.00   128.00   1.01  49.50
20/08/11 00:31:01 xvdd             0.00  488.00      0.00     61.00     0.00     0.00   0.00   0.00    0.00    5.02   2.23     0.00   128.00   1.00  48.80
20/08/11 00:31:02 xvdd             0.00  489.00      0.00     61.12     0.00     0.00   0.00   0.00    0.00    5.00   2.20     0.00   128.00   1.00  48.80
20/08/11 00:31:03 xvdd             0.00  488.00      0.00     61.00     0.00     0.00   0.00   0.00    0.00    5.01   2.21     0.00   128.00   1.00  48.90
20/08/11 00:31:04 xvdd             0.00  489.00      0.00     61.12     0.00     0.00   0.00   0.00    0.00    5.03   2.24     0.00   128.00   1.01  49.20
20/08/11 00:31:05 xvdd            51.00  469.00      1.03     58.63     0.00     0.00   0.00   0.00    0.29    5.03   2.14    20.63   128.00   0.93  48.20
20/08/11 00:31:06 xvdd             0.00 1485.00      0.00      5.80     0.00     0.00   0.00   0.00    0.00    0.50   0.07     0.00     4.00   0.50  73.90
20/08/11 00:31:07 xvdd             0.00 2072.00      0.00      8.09     0.00     0.00   0.00   0.00    0.00    0.46   0.03     0.00     4.00   0.47  98.30
20/08/11 00:31:08 xvdd             0.00 2068.00      0.00      8.08     0.00     0.00   0.00   0.00    0.00    0.46   0.02     0.00     4.00   0.48  98.70
20/08/11 00:31:09 xvdd             0.00 2031.00      0.00      7.93     0.00     0.00   0.00   0.00    0.00    0.47   0.04     0.00     4.00   0.48  97.40
20/08/11 00:31:10 xvdd             0.00 1976.00      0.00      7.72     0.00     0.00   0.00   0.00    0.00    0.48   0.06     0.00     4.00   0.49  96.60
20/08/11 00:31:11 xvdd             0.00 2099.00      0.00      8.20     0.00     0.00   0.00   0.00    0.00    0.46   0.03     0.00     4.00   0.47  98.90
20/08/11 00:31:12 xvdd             0.00 2105.00      0.00      8.22     0.00     0.00   0.00   0.00    0.00    0.46   0.01     0.00     4.00   0.47  99.20
20/08/11 00:31:13 xvdd             0.00 2075.00      0.00      8.11     0.00     0.00   0.00   0.00    0.00    0.46   0.02     0.00     4.00   0.48  98.80
20/08/11 00:31:14 xvdd             0.00 2066.00      0.00      8.07     0.00     0.00   0.00   0.00    0.00    0.47   0.02     0.00     4.00   0.48  98.80
20/08/11 00:31:15 xvdd             0.00 2152.00      0.00      8.41     0.00     0.00   0.00   0.00    0.00    0.45   0.00     0.00     4.00   0.46  99.90
20/08/11 00:31:16 xvdd             0.00 2167.00      0.00      8.46     0.00     0.00   0.00   0.00    0.00    0.44   0.01     0.00     4.00   0.46  99.60
20/08/11 00:31:17 xvdd             0.00 2167.00      0.00      8.46     0.00     0.00   0.00   0.00    0.00    0.44   0.01     0.00     4.00   0.46  99.30
20/08/11 00:31:18 xvdd             0.00 2173.00      0.00      8.49     0.00     0.00   0.00   0.00    0.00    0.44   0.00     0.00     4.00   0.46  99.90
20/08/11 00:31:19 xvdd             0.00 2153.00      0.00      8.41     0.00     0.00   0.00   0.00    0.00    0.45   0.01     0.00     4.00   0.46  99.70
20/08/11 00:31:20 xvdd             0.00 2177.00      0.00      8.50     0.00     0.00   0.00   0.00    0.00    0.44   0.00     0.00     4.00   0.46 100.00
20/08/11 00:31:21 xvdd             0.00 2158.00      0.00      8.43     0.00     0.00   0.00   0.00    0.00    0.44   0.00     0.00     4.00   0.46 100.00
20/08/11 00:31:22 xvdd             0.00 2165.00      0.00      8.46     0.00     0.00   0.00   0.00    0.00    0.44   0.00     0.00     4.00   0.46 100.00
20/08/11 00:31:23 xvdd             0.00 2176.00      0.00      8.50     0.00     0.00   0.00   0.00    0.00    0.44   0.01     0.00     4.00   0.46  99.80
20/08/11 00:31:24 xvdd             0.00 2182.00      0.00      8.52     0.00     0.00   0.00   0.00    0.00    0.44   0.00     0.00     4.00   0.46  99.80
20/08/11 00:31:25 xvdd             0.00 2117.00      0.00      8.27     0.00     0.00   0.00   0.00    0.00    0.45   0.01     0.00     4.00   0.47  99.20
20/08/11 00:31:26 xvdd             0.00 2162.00      0.00      8.45     0.00     0.00   0.00   0.00    0.00    0.44   0.00     0.00     4.00   0.46 100.00
20/08/11 00:31:27 xvdd             0.00 2168.00      0.00      8.47     0.00     0.00   0.00   0.00    0.00    0.44   0.00     0.00     4.00   0.46 100.00
20/08/11 00:31:28 xvdd             0.00 2132.00      0.00      8.33     0.00     0.00   0.00   0.00    0.00    0.45   0.01     0.00     4.00   0.47  99.80
20/08/11 00:31:29 xvdd             0.00 2178.00      0.00      8.51     0.00     0.00   0.00   0.00    0.00    0.44   0.00     0.00     4.00   0.46  99.70
20/08/11 00:31:30 xvdd             0.00 2120.00      0.00      8.28     0.00     0.00   0.00   0.00    0.00    0.45   0.01     0.00     4.00   0.47  99.40
20/08/11 00:31:31 xvdd             0.00 2136.00      0.00      8.34     0.00     0.00   0.00   0.00    0.00    0.45   0.01     0.00     4.00   0.47  99.90
20/08/11 00:31:32 xvdd             0.00 2175.00      0.00      8.50     0.00     0.00   0.00   0.00    0.00    0.44   0.00     0.00     4.00   0.46 100.00
20/08/11 00:31:33 xvdd             0.00 2104.00      0.00      8.22     0.00     0.00   0.00   0.00    0.00    0.46   0.00     0.00     4.00   0.48 100.00
20/08/11 00:31:34 xvdd             0.00 2151.00      0.00      8.40     0.00     0.00   0.00   0.00    0.00    0.45   0.00     0.00     4.00   0.46 100.00
20/08/11 00:31:35 xvdd             0.00 2184.00      0.00      8.53     0.00     0.00   0.00   0.00    0.00    0.44   0.00     0.00     4.00   0.46  99.90
20/08/11 00:31:36 xvdd            51.00  481.00      1.03      1.88     0.00     0.00   0.00   0.00    0.35    0.44   0.00    20.63     4.00   0.44  23.40
20/08/11 00:31:37 xvdd             0.00    0.00      0.00      0.00     0.00     0.00   0.00   0.00    0.00    0.00   0.00     0.00     0.00   0.00   0.00
20/08/11 00:31:38 xvdd             0.00    0.00      0.00      0.00     0.00     0.00   0.00   0.00    0.00    0.00   0.00     0.00     0.00   0.00   0.00
20/08/11 00:31:39 xvdd             0.00    0.00      0.00      0.00     0.00     0.00   0.00   0.00    0.00    0.00   0.00     0.00     0.00   0.00   0.00
20/08/11 00:31:40 xvdd             0.00    0.00      0.00      0.00     0.00     0.00   0.00   0.00    0.00  