20/08/11 00:18:22 drbd0            0.00  680.00      0.00     85.00     0.00     0.00   0.00   0.00    0.00    6.69   4.55     0.00   128.00   0.90  61.30
20/08/11 00:18:23 drbd0            0.00  704.00      0.00     88.00     0.00     0.00   0.00   0.00    0.00    6.95   4.89     0.00   128.00   0.92  65.10
20/08/11 00:18:24 drbd0            0.00  488.00      0.00     61.00     0.00     0.00   0.00   0.00    0.00    9.17   4.48     0.00   128.00   0.99  48.50
20/08/11 00:18:25 drbd0            0.00  488.00      0.00     61.00     0.00     0.00   0.00   0.00    0.00    9.22   4.50     0.00   128.00   0.99  48.40
20/08/11 00:18:26 drbd0            0.00  488.00      0.00     61.00     0.00     0.00   0.00   0.00    0.00    9.22   4.50     0.00   128.00   0.98  48.00
20/08/11 00:18:27 drbd0            0.00  488.00      0.00     61.00     0.00     0.00   0.00   0.00    0.00    9.25   4.51     0.00   128.00   0.99  48.30
20/08/11 00:18:28 drbd0            0.00  488.00      0.00     61.00     0.00     0.00   0.00   0.00    0.00    9.28   4.53     0.00   128.00   0.99  48.20
20/08/11 00:18:29 drbd0            0.00  483.17      0.00     60.40     0.00     0.00   0.00   0.00    0.00    9.24   4.47     0.00   128.00   1.00  48.51
20/08/11 00:18:30 drbd0            0.00  488.00      0.00     61.00     0.00     0.00   0.00   0.00    0.00    9.28   4.53     0.00   128.00   0.98  47.80
20/08/11 00:18:31 drbd0            0.00  488.00      0.00     61.00     0.00     0.00   0.00   0.00    0.00    9.27   4.53     0.00   128.00   0.98  47.80
20/08/11 00:18:32 drbd0            0.00  488.00      0.00     61.00     0.00     0.00   0.00   0.00    0.00    9.31   4.54     0.00   128.00   0.97  47.10
20/08/11 00:18:33 drbd0            0.00  488.00      0.00     61.00     0.00     0.00   0.00   0.00    0.00    9.25   4.52     0.00   128.00   0.99  48.30
20/08/11 00:18:34 drbd0            0.00  488.00      0.00     61.00     0.00     0.00   0.00   0.00    0.00    9.13   4.46     0.00   128.00   0.99  48.40
20/08/11 00:18:35 drbd0            0.00  488.00      0.00     61.00     0.00     0.00   0.00   0.00    0.00    9.20   4.49     0.00   128.00   0.99  48.10
20/08/11 00:18:36 drbd0            0.00  488.00      0.00     61.00     0.00     0.00   0.00   0.00    0.00    9.33   4.55     0.00   128.00   0.95  46.60
20/08/11 00:18:37 drbd0            0.00  464.00      0.00     58.00     0.00     0.00   0.00   0.00    0.00    9.28   4.30     0.00   128.00   0.99  46.10
20/08/11 00:18:38 drbd0            0.00  512.00      0.00     64.00     0.00     0.00   0.00   0.00    0.00    6.56   3.36     0.00   128.00   0.95  48.70
20/08/11 00:18:39 drbd0            0.00  488.00      0.00     61.00     0.00     0.00   0.00   0.00    0.00    9.17   4.47     0.00   128.00   1.00  48.70
20/08/11 00:18:40 drbd0            0.00  488.00      0.00     61.00     0.00     0.00   0.00   0.00    0.00    9.27   4.52     0.00   128.00   1.00  49.00
20/08/11 00:18:41 drbd0            0.00  488.00      0.00     61.00     0.00     0.00   0.00   0.00    0.00    9.19   4.48     0.00   128.00   1.01  49.40
20/08/11 00:18:42 drbd0            0.00  488.00      0.00     61.00     0.00     0.00   0.00   0.00    0.00    9.19   4.49     0.00   128.00   0.99  48.30
20/08/11 00:18:43 drbd0            0.00  488.00      0.00     61.00     0.00     0.00   0.00   0.00    0.00    9.17   4.48     0.00   128.00   1.00  48.70
20/08/11 00:18:44 drbd0            0.00  496.00      0.00     62.00     0.00     0.00   0.00   0.00    0.00    9.00   4.47     0.00   128.00   1.00  49.40
20/08/11 00:18:45 drbd0            0.00  488.00      0.00     61.00     0.00     0.00   0.00   0.00    0.00    9.24   4.51     0.00   128.00   1.00  49.00
20/08/11 00:18:46 drbd0            0.00  488.00      0.00     61.00     0.00     0.00   0.00   0.00    0.00    9.16   4.47     0.00   128.00   1.00  48.60
20/08/11 00:18:47 drbd0            0.00  488.00      0.00     61.00     0.00     0.00   0.00   0.00    0.00    9.13   4.45     0.00   128.00   1.00  49.00
20/08/11 00:18:48 drbd0            0.00  488.00      0.00     61.00     0.00     0.00   0.00   0.00    0.00    9.20   4.49     0.00   128.00   0.99  48.50
20/08/11 00:18:49 drbd0            0.00  488.00      0.00     61.00     0.00     0.00   0.00   0.00    0.00    9.29   4.53     0.00   128.00   0.98  48.00
20/08/11 00:18:50 drbd0            0.00  488.00      0.00     61.00     0.00     0.00   0.00   0.00    0.00    9.14   4.46     0.00   128.00   1.01  49.40
20/08/11 00:18:51 drbd0            0.00  488.00      0.00     61.00     0.00     0.00   0.00   0.00    0.00    9.21   4.50     0.00   128.00   0.98  48.00
20/08/11 00:18:52 drbd0            0.00  488.00      0.00     61.00     0.00     0.00   0.00   0.00    0.00    9.17   4.48     0.00   128.00   1.02  49.60
20/08/11 00:18:53 drbd0            0.00  488.00      0.00     61.00     0.00     0.00   0.00   0.00    0.00    9.26   4.52     0.00   128.00   1.00  48.80
20/08/11 00:18:54 drbd0            0.00  352.00      0.00     44.00     0.00     0.00   0.00   0.00    0.00    9.30   3.27     0.00   128.00   0.99  34.80
20/08/11 00:18:55 drbd0            0.00  580.00      0.00     72.50     0.00     0.00   0.00   0.00    0.00    4.32   2.51     0.00   128.00   0.92  53.50
20/08/11 00:18:56 drbd0            0.00  532.00      0.00     66.50     0.00     0.00   0.00   0.00    0.00    4.91   2.61     0.00   128.00   0.96  51.10
20/08/11 00:18:57 drbd0            0.00  488.00      0.00     61.00     0.00     0.00   0.00   0.00    0.00    5.20   2.54     0.00   128.00   1.00  48.70
20/08/11 00:18:58 drbd0            0.00  488.00      0.00     61.00     0.00     0.00   0.00   0.00    0.00    5.23   2.55     0.00   128.00   1.00  48.80
20/08/11 00:18:59 drbd0            0.00  488.00      0.00     61.00     0.00     0.00   0.00   0.00    0.00    5.35   2.61     0.00   128.00   0.99  48.30
20/08/11 00:19:00 drbd0            0.00  488.00      0.00     61.00     0.00     0.00   0.00   0.00    0.00    5.67   2.77     0.00   128.00   0.94  45.90
20/08/11 00:19:01 drbd0            0.00  488.00      0.00     61.00     0.00     0.00   0.00   0.00    0.00    5.34   2.60     0.00   128.00   0.98  47.60
20/08/11 00:19:02 drbd0            0.00  492.00      0.00     61.50     0.00     0.00   0.00   0.00    0.00    5.41   2.66     0.00   128.00   0.94  46.20
20/08/11 00:19:03 drbd0            0.00  488.00      0.00     61.00     0.00     0.00   0.00   0.00    0.00    5.34   2.60     0.00   128.00   0.99  48.30
20/08/11 00:19:04 drbd0            0.00  488.00      0.00     61.00     0.00     0.00   0.00   0.00    0.00    5.32   2.59     0.00   128.00   0.99  48.20
20/08/11 00:19:05 drbd0            0.00  488.00      0.00     61.00     0.00     0.00   0.00   0.00    0.00    5.39   2.63     0.00   128.00   0.97  47.10
20/08/11 00:19:06 drbd0            0.00  488.00      0.00     61.00     0.00     0.00   0.00   0.00    0.00    5.40   2.63     0.00   128.00   0.97  47.20
20/08/11 00:19:07 drbd0            0.00  488.00      0.00     61.00     0.00     0.00   0.00   0.00    0.00    5.33   2.60     0.00   128.00   0.98  47.60
20/08/11 00:19:08 drbd0            0.00  488.00      0.00     61.00     0.00     0.00   0.00   0.00    0.00    5.33   2.60     0.00   128.00   1.00  48.70
20/08/11 00:19:09 drbd0            0.00  488.00      0.00     61.00     0.00     0.00   0.00   0.00    0.00    5.36   2.62     0.00   128.00   0.97  47.40
20/08/11 00:19:10 drbd0            0.00  492.00      0.00     61.50     0.00     0.00   0.00   0.00    0.00    5.36   2.64     0.00   128.00   0.92  45.40
20/08/11 00:19:11 drbd0            0.00  332.00      0.00     30.36     0.00     0.00   0.00   0.00    0.00    4.30   1.43     0.00    93.64   0.99  33.00
20/08/11 00:19:12 drbd0            0.00  844.00      0.00      3.30     0.00     0.00   0.00   0.00    0.00    1.16   0.98     0.00     4.00   1.00  84.10
20/08/11 00:19:13 drbd0            0.00  845.00      0.00      3.30     0.00     0.00   0.00   0.00    0.00    1.17   0.98     0.00     4.00   0.99  83.50
20/08/11 00:19:14 drbd0            0.00  841.00      0.00      3.29     0.00     0.00   0.00   0.00    0.00    1.17   0.98     0.00     4.00   0.98  82.50
20/08/11 00:19:15 drbd0            0.00  878.00      0.00      3.43     0.00     0.00   0.00   0.00    0.00    1.11   0.98     0.00     4.00   0.96  84.40
20/08/11 00:19:16 drbd0            0.00  902.00      0.00      3.52     0.00     0.00   0.00   0.00    0.00    1.08   0.98     0.00     4.00   0.97  87.80
20/08/11 00:19:17 drbd0            0.00  981.00      0.00      3.83     0.00     0.00   0.00   0.00    0.00    0.99   0.97     0.00     4.00   0.97  94.70
20/08/11 00:19:18 drbd0            0.00  891.00      0.00      3.48     0.00     0.00   0.00   0.00    0.00    1.10   0.98     0.00     4.00   0.96  85.50
20/08/11 00:19:19 drbd0            0.00  951.00      0.00      3.71     0.00     0.00   0.00   0.00    0.00    1.04   0.99     0.00     4.00   0.94  89.50
20/08/11 00:19:20 drbd0            0.00 1015.00      0.00      3.96     0.00     0.00   0.00   0.00    0.00    0.96   0.98     0.00     4.00   0.94  95.50
20/08/11 00:19:21 drbd0            0.00 1005.00      0.00      3.93     0.00     0.00   0.00   0.00    0.00    0.98   0.98     0.00     4.00   0.95  95.70
20/08/11 00:19:22 drbd0            0.00  999.00      0.00      3.90     0.00     0.00   0.00   0.00    0.00    0.97   0.97     0.00     4.00   0.94  93.80
20/08/11 00:19:23 drbd0            0.00 1056.00      0.00      4.12     0.00     0.00   0.00   0.00    0.00    0.92   0.97     0.00     4.00   0.92  97.60
20/08/11 00:19:24 drbd0            0.00 1040.00      0.00      4.06     0.00     0.00   0.00   0.00    0.00    0.93   0.97     0.00     4.00   0.94  98.10
20/08/11 00:19:25 drbd0            0.00 1054.00      0.00      4.12     0.00     0.00   0.00   0.00    0.00    0.93   0.98     0.00     4.00   0.92  96.50
20/08/11 00:19:26 drbd0            0.00 1031.00      0.00      4.03     0.00     0.00   0.00   0.00    0.00    0.95   0.97     0.00     4.00   0.93  95.50
20/08/11 00:19:27 drbd0            0.00 1044.00      0.00      4.08     0.00     0.00   0.00   0.00    0.00    0.93   0.97     0.00     4.00   0.92  95.60
20/08/11 00:19:28 drbd0            0.00  993.00      0.00      3.88     0.00     0.00   0.00   0.00    0.00    0.98   0.97     0.00     4.00   0.95  94.00
20/08/11 00:19:29 drbd0            0.00 1014.00      0.00      3.96     0.00     0.00   0.00   0.00    0.00    0.96   0.98     0.00     4.00   0.94  95.70
20/08/11 00:19:30 drbd0            0.00  948.00      0.00      3.70     0.00     0.00   0.00   0.00    0.00    1.03   0.97     0.00     4.00   0.94  89.50
20/08/11 00:19:31 drbd0            0.00  989.00      0.00      3.86     0.00     0.00   0.00   0.00    0.00    0.99   0.97     0.00     4.00   0.95  94.10
20/08/11 00:19:32 drbd0            0.00  958.00      0.00      3.74     0.00     0.00   0.00   0.00    0.00    1.01   0.97     0.00     4.00   0.97  92.60
20/08/11 00:19:33 drbd0            0.00  909.00      0.00      3.55     0.00     0.00   0.00   0.00    0.00    1.07   0.97     0.00     4.00   0.94  85.70
20/08/11 00:19:34 drbd0            0.00  984.00      0.00      3.84     0.00     0.00   0.00   0.00    0.00    0.99   0.97     0.00     4.00   0.93  91.30
20/08/11 00:19:35 drbd0            0.00 1031.00      0.00      4.03     0.00     0.00   0.00   0.00    0.00    0.95   0.98     0.00     4.00   0.91  94.00
20/08/11 00:19:36 drbd0            0.00 1055.00      0.00      4.12     0.00     0.00   0.00   0.00    0.00    0.93   0.98     0.00     4.00   0.92  97.40
20/08/11 00:19:37 drbd0            0.00  991.00      0.00      3.87     0.00     0.00   0.00   0.00    0.00    1.00   0.99     0.00     4.00   0.95  94.50
20/08/11 00:19:38 drbd0            0.00  987.00      0.00      3.86     0.00     0.00   0.00   0.00    0.00    0.99   0.98     0.00     4.00   0.93  92.20
20/08/11 00:19:39 drbd0            0.00 1055.00      0.00      4.12     0.00     0.00   0.00   0.00    0.00    0.93   0.98     0.00     4.00   0.92  97.50
20/08/11 00:19:40 drbd0            0.00 1025.00      0.00      4.00     0.00     0.00   0.00   0.00    0.00    0.96   0.98     0.00     4.00   0.94  96.30
20/08/11 00:19:41 drbd0            0.00  810.00      0.00      3.16     0.00     0.00   0.00   0.00    0.00    0.93   0.76     0.00     4.00   0.91  74.00
20/08/11 00:19:42 drbd0            0.00    0.00      0.00      0.00     0.00     0.00   0.00   0.00    0.00    0.00   0.00     0.00     0.00   0.00   0.00
20/08/11 00:19:43 drbd0            0.00    0.00      0.00      0.00     0.00     0.00   0.00   0.00    0.00    0.00   0.00     0.00     0.00   0.00   0.00
20/08/11 00:19:44 drbd0            0.00    0.00      0.00      0.00     0.00     0.00   0.00   0.00    0.00    0.00   0.00     0.00     0.00   0.00   0.00
20/08/11 00:19:45 drbd0            0.00    0.00      0.00      0.00     0.00     0.00   0.00   0.00    0.00    0.00   0.00     0.00     0.00   0.00   0.00
20/08/11 00:19:46 drbd0            0.00    0.00      0.00      0.00     0.00     0.00   0.00   0.00    0.00    0.00   0.00     0.00     0.00   0.00   0.00
20/08/11 00:19:47 drbd0            0.00    0.00      0.00      0.00     0.00     0.00   0.00   0.00    0.00    0.00   0.00     0.00     0.00   0.00   0.00
20/08/11 00:19:48 drbd0            0.00    0.00      0.00      0.00     0.00     0.00   0.00   0.00    0.00    0.00   0.00     0.00     0.00   0.00   0.00
20/08/11 00:19:49 drbd0            0.00    0.00      0.00      0.00     0.00     0.00   0.00   0.00    0.00    0.00   0.00     0.00     0.00   0.00   0.00
20/08/11 00:19:50 drbd0            0.00    0.00      0.00      0.00     0.00     0.00   0.00   0.00    0.00    0.00   0.00     0.00     0.00   0.00   0.00
20/08/11 00:19:51 drbd0            0.00    0.00      0.00      0.00     0.00     0.00   0.00   0.00    0.00    0.00   0.00     0.00     0.00   0.00   0.00
20/08/11 00:19:52 drbd0            0.00    0.00      0.00      0.00     0.00     0.00   0.00   0.00    0.00    0.00   0.00     0.00     0.00   0.00   0.00
20/08/11 00:19:53 drbd0            0.00    0.00      0.00      0.00     0.00     0.00   0.00   0.00    0.00    0.00   0.00     0.00     0.00   0.00   0.00
20/08/11 00:19:54 drbd0            0.00    0.00      0.00      0.00     0.00     0.00   0.00   0.00    0.00    0.00   0.00     0.00     0.00   0.00   0.00
20/08/11 00:19:55 drbd0            0.00    0.00      0.00      0.00     0.00     0.00   0.00   0.00    0.00    0.00   0.00     0.00     0.00   0.00   0.00
20/08/11 00:19:56 drbd0            0.00    0.00      0.00      0.00     0.00     0.00   0.00   0.00    0.00    0.00   0.00     0.00     0.00   0.00   0.00
20/08/11 00:19:57 drbd0            0.00    0.00      0.00      0.00     0.00     0.00   0.00   0.00    0.00    0.00   0.00     0.00     0.00   0.00   0.00
20/08/11 00:19:58 drbd0            0.00    0.00      0.00      0.00     0.00     0.00   0.00   0.00    0.00    0.00   0.00     0.00     0.00   0.00   0.00
20/08/11 00:19:59 drbd0            0.00    0.00      0.00      0.00     0.00     0.00   0.00   0.00    0.00    0.00   0.00     0.00     0.00   0.00   0.00
20/08/11 00:20:00 drbd0            0.00    0.00      0.00      0.00     0.00     0.00   0.00   0.00    0.00    0.00   0.00     0.00     0.00   0.00   0.00
20/08/11 00:20:01 drbd0            0.00    0.00      0.00      0.00     0.00     0.00   0.00   0.00    0.00    0.00   0.00     0.00     0.00   0.00   0.00
20/08/11 00:20:02 drbd0            0.00    0.00      0.00      0.00     0.00     0.00   0.00   0.00    0.00    0.00   0.00     0.00     0.00   0.00   0.00
20/08/11 00:20:03 drbd0            0.00    0.00      0.00      0.00     0.00     0.00   0.00   0.00    0.00    0.00   0.00     0.00     0.00   0.00   0.00
20/08/11 00:20:04 drbd0            0.00    0.00      0.00      0.00     0.00     0.00   0.00   0.00    0.00    0.00   0.00     0.00     0.00   0.00   0.00
20/08/11 00:20:05 drbd0            0.00    0.00      0.00      0.00     0.00     0.00   0.00   0.00    0.00    0.00   0.00     0.00     0.00   0.00   0.00
20/08/11 00:20:06 drbd0            0.00    0.00      0.00      0.00     0.00     0.00   0.00   0.00    0.00    0.00   0.00     0.00     0.00   0.00   0.00
20/08/11 00:20:07 drbd0            0.00    0.00      0.00      0.00     0.00     0.00   0.00   0.00    0.00  